80 10 5
11111000000111011101001101101110011110000010111011010110000110111110110110101110
01000100111110001100010111000111011000011100110100111100101110011011010101100110
10110011000001111101010101100001000000100001100011110100010010100000001001111010
10011011011110100000011010100011010111010110100000000101011010011001000011010010
11111101111001010000110001101010001111001111110111100110001010010001100011100011
10010110100001101100101110110101100110010011111001101010001110010100101110001010
10010110111110011010101010000101100110011100101001011010001011110001000100110001
10010010000100000110101100110100101000001101101110110001010000000101001111000111
10000110011111111101100110111110110001010101111001111101100011001101010100011111
10101110100011100100001110001000011000000100010010011000010110011110100010010011
11001101001111000001001111010101001011111000111111110001000010110010111010111000
11110100100001111110000101011111000011001000101010010101010000100110010001011100
10111100010011110011101111100101110101110111000000100011101111010100011001101100
10010100011100001011101110111011010001000001001110001100111010111000100100001010
01010001010101111110100000010011100000100100111001111111101000110111011001010100
01010111101100110000110010111100001010010101010000011010010100110111110011110110
11001111010110011100110001100011110001110101100010101101110111100100011011101111
10111000100111110000110011100011010111001011110110100111001001100011111011100011
00101011011001001010100110110100101100011011101000011000000010100011000001111111
11101110110011101010010001100010100101110100110011000000000000000110000110101110
01000100110111110000001000011111101110101110011011101001100000010101111000011011
10111100110110010001110010110000111001010011110100011011100110101001000001011001
11001010010111100110100010101010100000101101011011001100101000010110101011100101
01010011000010111100111100101101000000010011011001010100010110110101100001100000
11010010000101010000000011100101001110110101000110110101011000010101110010111100
11110101001101000000100011000001010010110100001101101100000010110111110001001110
00001001111010111001111101011111011100111010100000101011011110010000011100110110
01011011100001101001110111011001100001001000100001110110111011100110110011011111
01000101101010110001101010101111001010000111001001111011011101001000001000100000
11111000111100110000010011010011100100100010010010011000001010100010000010111100
10101101011110110111101000011010000100001110001011111111110111101011001010011000
11100110011000010111101111001000000011010110010011101010000101001010011011110111
01011101101011001101100011110010111101000101000000110111001000001011111111110110
11100011001000010111101000101100010010110111100111000100100010111110111000110100
10010111110011100000110111000001100111000001111001010010110100110100100111100000
00000101001000111110010101111011010100011111110101101111010010111100011100001110
00010010110010111011100101100000100101110010011110100110010010101111011010011100
11011001100011100010100011100010111011000011101100101100000101111000001000110000
01010111100111001011001000100101010100010001100011011101011011110000001001110101
00011001010111011101111011110101100111010001001111110011100000111100011111011111
00010100110111100101010000100010011100111110001011101101011000001011001110110001
01111101101101101111100100000000011110000110000010110001001011111000000011111111
11001011001100011011010101110000100001111101110011000010100110101111000011110011
11101100100011101011001011111000000111001010100000000101010100000011110111111011
01101011111111101111010001111001001100011111001010100100010010110100110101011111
10111101001101110111010100001111100010110101010011111001001010100101000011110111
10100111011110001011000111011110000011110010010011101110100011011000110001000001
10111110110000010000100110010001000010001100101001001010011000100001011101110110
01001001101101001011100110111001001100100010110001111010000100000001011010010010
11101001000100110100010010110011111010100111000000101100010001010100110011111111
10000000000000100101101010111000100111111111000000111110101100110001110011010010
00111001010011001010001111011111101101000010110111111001100010010101001000011001
00010100110110011001000000101011010001000111110111011011101000100110010001100011
11000111011010111000100000000101001000101001010010011011011001100010100010110011
01010100001010111010010100100010000010000100011111100110100110010011011110111001
11100000111011111000101000110100010100111010001100110000011110111101110101101111
11111110001100101110101111110001110101111000010111101111000000100110001100101110
10001111111000001101101100110001001001110110110101011101010010101001110000001110
01111001101110100110010110111011100000101010000111110100111110010111111010000011
10001100011010111000111111110001011101100101111001011100110110011001100010100000
00110011110100010110110011010010011010100110001010001001000000001110100100100101
11111101101101110010101101100111000010101111001110100010100111101100010101010101
01101011010111101111110110010000110111011000000111001000001011000111010100100010
11001001110000001010111101101000111011001001010011001101011100011100001101100101
00010000100100111111101100101001001001111111100010100010001101111011100111001100
10010101010001111101100100111000000000101001100110000010010010010010010111001010
01011010110010101001111001110010011111100100010100011101110111111110001001001011
11001000101100011111000000011100000110101011100011010010011101111000001100010000
00100100010101011000011110000000010000111101001001010101101011011101110100000101
00000001011110101110001000011100100100100001011100000101100110110100010000101001
00111101000101000100000011101100111011111101011101101010101111100001100011100010
10000110101010010111111000000101011000000101111100011110100111010000000101010110
11111010010000100111010000100001010101101101000011110111011010111001100010010000
11111101001100110110110110000001011101001101111000001010110100100010111101010110
11000111110101101001110100000011110111000110000001110101101100100111001010110110
00111101110001000110101000001100011101010110010111101011011001000100000011101110
10001101011111110100001110101000111001110101011111111000001001010111010100001110
01111000010000010100001000111000111111110101100110000100111101111000010000100111
11111010111100111101101101100110011111000100010100010110000111100011110110011001
00101000001010000110111011101101111011011111111010000101110000011110101011110011
