24 9 9
000101110001011000110010
001111010000011010101000
011011011110111110111111
101001001000100001010101
111100011101000100011011
110110001110011101010000
100001111100110000001010
101101010010100010001110
110010010100100101100101
010101110010001011000010
010001100100011110110010
100100001001100110101011
100100110010011111011001
001000110110101100001111
000000110011000011010100
001110000001110111011110
011000100000000110001010
101010011001010010010001
001101111010001101100101
111111100010110011001011
101010101000010010011010
000100110010010110011011
000101001001011110101111
010100000000001101110001
