32 24 1
00101101100110110101111100010000
01110100011110111100011100000010
10111111001110001011000000000101
11111001111011000100000010110111
10000111001000001001100001100001
00111100100100111110110001000000
11100000001011100000100110011000
11001101111001011011010010100100
11000001110000101011111001100101
00000000100001011110000011101111
01001001001011000100111100111011
01011001111001100110001100010110
01011000001010101000011011111001
10110110101100100100010101010011
00011011000101100100001001000110
10100110111000001101110110111110
11010011111010011100000101010011
10010001101000111011011111011010
01101010011010100011000100010100
11001011101000011101000000110111
10100001011101010000000000101110
11111100011001101111111011010011
10001000110100111001001111011000
00100101100101100110101010110110
10010001100101101000011010110001
10111100001001011010100111011000
11101101011001101000101010100111
10100110100111101100100001101000
01001100101011010010000011101100
00011110110100001101110101100000
00001101010010101101000111111110
11011001100101110101100001110111
