40 19 19
1010000100111000100110111010110011011001
0000000111001010001101110011010111111110
0100100001100100111100001110101101111010
1100000110000101011100100011011000000010
0100001111011111011000000001111101011100
0000011000001101100011000011110010011110
0001110011110111100010000000010010101111
0001110010001101101101110001010010101100
0001110110011011011001110011010010111101
1001010101101011100110111000101100011000
0101000100001110110010110101001000100110
1100010101111111010000000100010001000111
0001110010010110010101100100011010111110
0110001111010110011100100110000010100010
1110010001110110000001111011001111110000
1111000000101000010001110110111000011011
0000000010010010101010010001001101111110
0000010111101110001000101010011011010001
0111001001101011101110101111110101110010
1011100001100001101011001111101110000001
1111111010011010101101011010011100111011
0001010011110110100101001100111111100101
0111001101000011011101100001100111011100
0000011001010110111010101011111011011001
1001111001011110101110100101100001110111
0101001001101001100101100110001010100000
1101110011100100000000000100100111000001
1011101100100100000100011011101000010100
1111011001100001011110010001101110010010
1101101100110110111001111011001110100000
0100010100101100110111011110110100101010
0101001111011000010111111001011001100111
0101000000111001100101000110000100001001
1100001111010011001011110011010100000111
1001000000111001010100010011010111011101
1110110010111101000011100111010101001000
0111001001010110101100101100100110100000
1110000100100011110000110010000011011010
0000010110110001101100111101011011111100
1111010110010001110101001110000111010100
