40 19 1
1000001100110111010010101000000000010101
0000110100000100010010000010011011011001
1011001011001101110111101010001101101000
0101011101110001011111000101011001100011
1000101101010110001010011010001011000110
0010110111001011001100111111011111100011
1111000001101000110001110010011000100110
0011111001011101000011010100011010101111
0101111111100010111000000001110111100011
1011000001001001010100111011000111010010
1100011001000101111101011001101011110000
0010111000100111100001110011011010001000
0100001101000111100111000001001110110110
0101010100011001101110000000110100000010
0110011100011111110000101001011110110000
1010101001000011010011101011111010011111
1011000000011010000111100111110011110110
1110100000110110011101110000110001001101
1101001110011000000011010110011110110001
1100100101110000100110000100001111101001
1101101000100000100111000011010100000101
1011011101110110101111001000001100101001
0100001000100001001000010110111100010110
1001001100111101011011111101011000100011
1100001111100001000001001000001111111100
0110011011010110100101110001111100101001
1100000100001111010101110011100011011001
0011000010100010101000011100101010110011
0010100010010011111100110000011111101000
0000111000100010110101000000010010001110
1001101011100001001011010011101010100001
1111110101111101100000010110111011000000
0101100000110100100010101111110100010001
1101000100000101011101111101000110001011
1111001010001110011000110011011100110010
0101011100100101110101110000010010111000
0001100000100010010011001111101001110110
1001101110001000001100100010100100010010
0101111111111011101001100000010001110011
1001010110011111110100101001110010111010
