32 35 7
01100110101111010100011101000000
01000100001111000000111001010010
10001101111001010011111001101001
01100111001000100110010001101110
00001111011011010110010101101001
00011101011101101001010001011011
01000011010001110110010111001100
00011101001100000100101010011010
11100111100110110111011111000101
01110000001101000010100000000110
00110110100010000001001010011111
11010100000100110001001100011001
11010010010101001010011010100011
10010001100110010111001101001110
10100111111111010101100010000001
01101010101011000010010100100110
11001001001011000100000001011010
10000010010000001010010001111110
11010010100100000100001010001100
11111110101101110110001111000011
10001000000011101101110000111000
01101101101101110101100111001101
01111000011000100101000111100110
11101101000101101111100011010011
10101011010010101011011100000101
11101001000101101010101100101111
10101101000011001100001000110001
10101111110000110110100101100111
11110000100111011110110111010100
01111110011111000101000110000000
11100000011101100111000101101111
00111011110001010000000011111001
