24 20 1
101110011101011110101011
011010010101101111000111
100111010010011101001111
011000001010111011000111
011110011101001100110011
111000100001000100000010
000001001101010010110100
000001111110010110111110
101111011000011100100101
110001011100000010011101
101111010010101010100101
100011101000001011101010
000110000101010110110101
010111101010010100001010
010100001010100001011001
000111010000010111110010
101001010001100001000111
010010100010011010100101
011001000011001000101000
011111010100001000110110
101111111000001001101010
001010011100111000000100
111010010110001111100000
000101110010001111111000
