80 17 1
11111111000011101000100001011010100011011011101001011001100101101100001000110010
11010001010000001100100001111110011010011001001010010010101011000000001111010011
01001100000111111011010100100000000101001010111011110110001001101101001101100101
00001101110001000011010100101111111111001001111011100110100011110001000110001001
11111010011100001001100000000111000101000110101001111111001010010010010000110000
11001111111011000100010011111110110010101010010001000001010111001000010111010010
11010000001101110110010110110000001010010100111100100111100010011110111001010000
00001111001101010110000010010011011011111001101110111110010001101100011111001100
01111011011011000100011001011011000101001100010000001101110011111101000100101111
11001010110101010110110111011100001110100110000011100101000111011110101100000011
10011001011101010101011011001110111011010100010000101000110000001101100111010010
01111111001100111100010100100000111110010100110110111101111100111000100100010001
00001011010010100011011011011001001011110111101000111011110001001100011010101101
10010000100110010010011110101001000000000110111100001111101101000010010000001111
01110000101111011101001100101011011011001101000110011001011101100001110100010001
11001111010001001111010010110001111001100110110001101110100000111111000001010011
11100010110111110000100110000110000111100110001111100011011100111100110101100011
01101011110111001000101101001111001101110101110010011101001000100100011001110110
01111101011011010010100011101101010100101000111110110111101011100111101010001100
11111000100011000011001101010001110000010010100101001100001001111101000011001001
10010010001000110100000111111101000001001101000010010000101111010010101011011011
11010111100000000101110110000011101110101101001001011000010010000101111001100010
01111011111011010000110010010110001100010011101001001000001100100101100100100000
10000001110111100110011010010000000111000010100001000100011011000111011010000000
10000100010111110000110011111101001011010011100110101010100010110010111000111010
00000101100101010011101111101001001100010001010011101100010110011001010011110111
01100100011111101111000011111101011010011110001010100101110000100101100011001101
01101100000111110001001000011001110000010001010010001101100101010001000110011111
11101110101110010001100000101011001111101110111100010011101000100111011100111001
01011100111010011001110111000000101101110011100000011000001001001011101010100000
00101101111001001111101010010101111011101001001111011110000010101010001111010001
11000010011110101011100010110111010111110001101000110110101000100111011011101100
11100100110101001111000001010110010100111111011101111111011100111101111000001101
01000110101110001000111111000011101110101100100110101000100000110001010100100011
00001000010011111100001101111001001100001000011101110100011110010011011110111010
10111101010111001111000001101000110000001011111010110111011111000010010111010111
11100011100110110010110100000101011110010001110101010000001001000111010000010000
00100011001011111001011011110110010011111100011110011010100101100001101111110111
11101001100100100101110000001110000010101111101111110110110000010011101010110000
01101010011011100011011010100100111010011101111100001101111111000101101001110000
10101110101011010011000011110101111001011011110011101100100110011111001000110111
11100011010110000010000011111100000001000011101101101000111000000110010111001011
11101110101101000101000100010111000101011100000111011011011100010000101110100110
01101011100001111111010111110011111010011011100110011010101111000111010111011101
10000101010101100000101100011000010000101110010110111101100001000000011100111001
01010001011001001001111100010001000001000100100000010110111000100101001000010011
11010110100101110101011010100011010011000010101011111010000111011110000001101000
01011110001111000101101010001011110001001111111110000000000101010001001101010001
01001001111101110100111100010100000111000110101111111001010001001110010010000010
10100101001010011111101001001101111111010001000100010110010001110001011011111001
00001101001010101011101010110100110000111110110010100000111101010011100011010111
11111110000000100011111010111110001101001011000011001100101010011001101000001010
11000000000101011100100000010110010101101101001111111010011111110100011111111011
10010111000111100101110001101011110101001001111001111111111010101101000010101001
11101000110100111110010111101010101011000110110001000011111010101010110100011001
10011100011110000101010110000011110010011111111100001110100001111010001010111001
01010111111011101101111000111011111100000001111001110100110011000110100100010110
00011011111101100110111100001100101100000110101110101111111000000111011000010110
10011000101001001111001001011110111110110010010100000101000111010100111100101011
01100110010100011011000000010100010000001000001010110110111101100000001111111010
00100001111100100110000111000010001011001101110011011000000001010111111001101100
00111111101011111000000011001001111000100000111010010001000110000100010010001011
01000010111001001001111010010100100111101001101001110110111111101110000100010100
11110011000111110011000001110111111110111100111111011111010000011110100010100001
10101001100000111000001000000000110010011011001111111011000100111100001100001110
00111111110111101101100100110010010101110101111001111100111111000010101101011111
00101100110000000001010010101011001101011011000000100111101010111111010111111111
10011100110001010101000111010100101010011011110000100110111101110111110010011010
10011010100001100111000000110011001100011011111000100100110011111011111010101001
00011011011110101000110011011101100010111000111011000001110001111010011110001101
00100011101111001111000000001111101001111100000101000000110001010110010100101011
11111000101101000001100110100011101001111001111110000111101100011111001001110111
11110011000011100111101000101000010001001010100010110010001011010010111100110010
00100011001111010001110110110010100101011100110110001100111111101100101001110101
10001000111000100101111100011000100000110000110100011110011101010010100110101011
01000100110100000111010110100010110110001010010001000011001000110111011110111011
11000110011010011101011110000100100111110000001010111001101111101111110110100101
11000011010000001010110001000001000011110111101100111111100100100101011110000110
11100101101100001001010110101100001011001111111001100010000010010101001111000000
11001100000100110100100010010000100100100110101110000001000100101111101110101100
