24 21 3
000000010100101100011101
001001001001011101111010
011001111011100000011100
011110101000111110000001
100010011010000010001110
100001111101100001010111
111101111011101011101000
111100011001100000110010
110111100000001100010010
011110111100011011011000
001001010101110100111010
101101101000101111100110
011111011101111011011100
010010111000101001110010
101011001100111001010000
111000010100000110100000
011011001101100010001010
011011010011110000101000
000100001110010111011011
111011011111110001000010
001100011010100111000000
100010010100100101101110
010000011110111101101110
100001100110010101111001
