128 9 1
01100000000100010000010001000001111111100010001100101100000000111011001000010001011100100001000001100000011111010100100001101101
11011010111001110010000011000111010000011101010010010011101010110010011101001110110101011110110111111101000111000010110101100111
11000010110000110011010010011010110100111110101110110111100101111001010111100001110101001011000100000001111101010001001100100111
01101111100101001011001000111001011110001111011111111010001111110001111000101010101101101000111110101001111000111001110110101100
11101110101100010110011010001000110111101010011100111010010001010101001000010100011110010010101010110110111111010101001010000101
10111000010110011011101001011100110000001010010011101101010101010010010101000000100011110010111110011001000000010111011010001110
11100100000001010100010110101100010010010111010010010011000110100101010001101100001000101110000011110100010110110110100001101100
01000000100001100000100111101111010010001011000010001110001110111110110001000001011100000101110001010000000001100000000010101101
00100110110101101101111010011001010101110001101110011010001000111100011110010101100000110010001001001110111111100110101100011111
11100100001110010101111101010101011100110001101111000100001101001011000011101011111011010000110010010011101110000101110111100111
11001111110010111100011100000111011101010001011001010000000011010110010000001101010111111001100011001001001110101110001001101101
10101111001100111010110101100111001110011111101110101110010001001110000111011100010100101101000101001011110010111101101011000010
11011100001100011101111001001001100110100010001011100000011111000011011011001100010010111010111100101011111011010001111010101001
01001111001110110101010111111101001010100011000111010000101011000101011011001011110001011100000010011101001000101101001111011000
10001010000001000011000110101110110010010011101000111100011100111100101010100001010110010100110000000101110010110111110100011011
01100101001100101011110110000100011011111111100101011000101111010111001110010000001101111010111000100010011001001111001110101001
00110011101110101010101001011100111110010001001100111111001111101010001000100010110001101010010110100100100101110110110010111100
10011110111110110001101100010101101010000101110110011001001011001101101111010100111011011101001110000000101011010111011101001000
00000000110010111111000111101101001010001000000111011100000110010101101110110111010101101110110010100111111100011000100010111110
10111010101001110111100101010101110111111111001010010000100110001010011100100010011111101110110010111011101100101010110001000100
11100011000010100010110011010011011010100101110001010011111100001101111001101101000100001111001111010111101001101111101111011010
11101010100111100110111001011111011110100111011100111011110100011100101110001111100100011100101011001111011100100110111100110010
10011001111010011111000101011010011111110011010101000010101000100011000001000000001010000010000000000011011011110011001100100011
01101011110101001011010010000110000010101111000101100100100101101000001110000010000000011011101100100011101101001011111000110001
00100101111101001110000001010000011101010111011000001111010010100010110111010110000111010100110111000011101110110101111101110111
01111000011000101000110101001111000101110010001001010000010101011101000001110010110100101110011101001110001000111101111100100010
11110011001000111111000011011110001100000100010101001000101011101010110101000001101010100010100101110110011111001100111000010000
11011111000110110111101101001110011101101111000011100110001010011011101010110111110101101000010111001100100111100110011011000011
10101011010101010111001001000101110111010010011001111011010000101111010011110001110101000000010011110100111111011001101111010011
00100101000111001011100010101111101110010111010101010111101011111101110101001011000011101111000110001111001101001000100111010001
01000110110000011110111011111100000001110110101010100001010100111111100110010111001011110100101011101001000011110011100110110110
01011001001000100111110111000100000110011111111100011000000000101100101001110010011100000000111001001101001000011001001010101000
10001000010111001001111010010011010110101010110010100001100101100100110011000001110100011101010100111111011000111101000111000011
00001011101100000010101011010100110011100000100110100001110101000001001001010101111111010001101111011010111100011101100110001100
10100000101000111000000110000001011110100000001000000001101101000111100110110110101101111001001001011010000111101000111010110100
00010100101111111111001001110110111101001111000001101000101110110100000001100100010101111010101110100000111101101011110011000011
01101110000011001010100011111011101000100110010010000111001100000100011000011111111100000111111011011111100111001111010011101000
01110000011101110010011100111011100110111010101010011100011111001000010001011110001111111100001101010010110001101001010101101000
10100001101100011001110001010011001000110110110010101101111110001001001010101110100101010101001100000111101010001111000010110101
11110000010101010100100101000111010010000110011011001011101011110011001011010111010111001000101101001010111110111110010011001011
10100001010111000101101011101010010010111000110000111000111110101001000001010110100000101010000001111111010000100101111010000101
01010101001100111100110011010000101011101010101011100111010001011111001010000101010011110100000001100001001011111110001101100100
11011101111101010011010001101100111001010100010111010001111000011101000011100111010110001110111011111001111100001010110011001010
10110101010010101000000101111010101101100111001101100110011110000100111100100010001000001101101111000101111111111011110000110111
01010001110001000111111111110010111111001001101101010000111110101110010111111001110011000110000110001011100110001100000001000111
11100111110001110100000001000111111101010100010000000000100100011001100110011010010001111111110010101000000001001001110111001110
10100111111101111101110000011101011000111000111100011011001011110000111001010000000101011111000000010100001000100111000011101101
01100101111010001010010101110000110100000001001000001001110111000001101101011010010010100011110100010101000001010011101100010010
01111101101011110001010110011111100010110111000000101111000110000100101010110000010010110101100010010111101101110111100110111110
11100011100111000110101100011101011000111100010000000010010000101001010101000000010011110110100000011001101110011000011001111110
01110111001101011011110101010010100101101010111001010010111111011001111010000010111110100011110111000010010011000011001011000010
10000100101001101000110000011010010010001101111001011111110011111110000110000110111000101001110010010001100111100001001101011100
10111100101010100110101110101100111001010101111100100110100011010111000010011100000011000101000010110001000011011000100110110101
11011010010000110111011110111101010011001001011010110001011001110110110010111010101110011110101100111110101110100111111010001111
11000100111010001110101011001110011101111000000000010111111000011101111011011111100111100001110000011110001111101110101111000001
00011011011100111010100000001011101000001111100000110110111000010110110101011100111101010100101011000111000010001111011101101100
00001010000100101010001010001001110011011000010011010101100110001000011111100100101111000011101001100000010010000011111101011111
10011011111010010101101111001110011111010110101110100011111010010001100110110101110111011110101101111100101110101111010101111011
10001111100001000111010000100010000011100100100111010111101110110011101101011000011000111000101101111011010111010100011101111001
11110000111001001001110101001111000000011001101001110111011000111111101101011001110011111011000110110000101001101100111011111011
00000001011110101100010100000110110110011100110100100010000011010001011101001011100101101001100000101000000101011000000101011010
11001001000111011111111101000001101010010000111100011100100100010101101001000110111011000010010100000100100111001100110111100110
11011000001101111010111000000101111011001111110011000100110101110011111011000001001011100101010010001100000010110011000000101010
01010001101011111011110111101001101001111010100111000011001111101001111000111100010011111010101001111011100011010011101000110010
11101010100010010101010011011110001010000101100001100100001101001100110001111011111100110100001111010010100101010011000010111010
11101001100100100010011000110011111110000000011110110010011010011101101001000111011010001101100100010110100110111010010001101111
11110011011010100110010101100011100111111010011000001110000101010111000100001101101011001010011000110100100010101110010101101101
11000100110110101011010010001010100111100011010111010011011111001000110110111100000011011110011111110000011100100111111000011100
00110010101000010101011111001011000001000100001000101011111000001011011011010010000100011001000101100001010011011001011011111111
00010000110000101011101011100001000100101000000101110011100010110100100101101101010011011010000010000110001111000001100001101100
11100000111001001100100001010100010010000110011101101101101111110111010001000111001001111001100110111110000010100000111100010011
00101001001001011011110110110001011101001100001000101110101100001111010010011111101111101100100000001000000111110001110100110100
10110110010111011001000001010010001000000011100100001011110110110010110100010000001100111110101010001111111111110010000111111010
01000111000100100001000110010111101110101111101001100101100000110001011111001100110110001101110110000011101010001110101011101110
01001010001101000100110010001101111010111001101000011000000001110111100000001101100100111011100111010010010110000111110011101111
11011111101001010000100010001110011111001101100100110011010101001110000110100101010010011010110000010001010110011011010011010011
00000001000100010101111001111100100100000010010110001100001111101011000101111100000110110001101001001011110000000001110101111001
10100101000010111110011000011000001011111110000111100001100001001100001010011000110001111110010111111010100000000100011100111000
10000101101010011011100100010101101111110011010111001111100110000110001010111110010101011100100010000101101010001010101110100000
00001000010010000100101000100100001111010011111110100010100111011110010011101000010001011101000111010010100010010100001011110111
11111010101001100101011110111000110001011110100101000111100101110110101010001101001000011001101010000010010100001111010111011110
01101000111010001111000011100000111111110010010010110011101101001110001100110111100100010111111000000010001000111011011010101001
00100111101111101011101001011000100111000001111010101011111101111100111111000101111010010100011001010101001011110110111101110010
01001001110011110110001111011101000100111100010101110001101111011011001011010001010000110001110011001100000010110110101110001110
01000000100010111011000101010100000011001000011010111111011001101100000000011010000111100000110010110110001100000000110110100101
11011011010010000001100001000111000100001100100010100011111001111001011101111010011110001100001101000110000001010101100110100010
10001100000000100101100101111011001011010000010010000011000111011111110110100101001011111100110001111000010011111110011100011001
11101110110000101001100000110100110011001101111010110110001001011110000110101000011000001111110001011000010100101110110011101101
10000110011000111011101011000001000011000100010111011011101101110111001010111111010011101000011000100100111000110111100000001101
00101100100100001100101001011101111000010010011011001101110000111011011010101000101001110110101000111011001001011111100111001100
00110001111101101010101011111111100001110011101000010000111000100000110111001111011011010110110110001010101010111001100101010011
11101110100001010001001001001100011100110100001000000110011101000111100110110000001110111001101010100111000010110001000101001101
11110100101010010010011101100111000010110011011000001110000011111101110111111011011101101101010000111100011110011011101001100000
01100001100101001110010000010110010111001011101011010110101111110001101011101110010001011000100100011110000111011011101101111101
00011110011111101011000001111111110111110001011101001011001100011000111100101011100101001111111111101101111010010001101001010100
00011000110100000011010000001001011111111001001101000010010111100011110010110100011010001010100100101100001010111010010110110001
01111111101000110000101101011001010101001100001001100010111011110101001001001100110101110101011111010110010010000010101111001110
11110110010110110011110001010111010001100100011001010010100011100000111011010110011001111110010111100001100000001011101010011100
00100100000000000111101010001011001111110110100010110111110001101010000011011111100111101101011101101101100011101101111000101011
10110101001111000011111110101000011011111100001000011100011111100101000011011110011110011101011001011010111111110001000010110000
10110010011100000001101010010011010010011101101011100001000001100010011110000101111110010011111010010101101010101111110110011010
01100110110011100011001101011110000110101100010100000110101010000111101011011001011000010100100111001100101010111001001101111111
01111010000101111111100111100010111010011011101010000001011011100011110001111000001001100111001000110110111011101000100111011110
00101100011110100001010100001101111001101000010011110100100010000110101001000000111100010010110111101001101001000110111001010001
01110111101001001110100110001011110101100000000111100011011111010100010000000110000000011101010000100110010001011110111011110100
01100000101011100001010111011001111011001100110101100111011101010111001110101001111100100000101101001100111111000000010010001011
11100100111001101100010111101010110100110000011101100010100000011001001001100000110011001001000100110011101101101100001101010000
01111100111010001001010010110011110100111110110111010101110010111101110000101111010100000101110000110110100101001011101111000100
11110100101101011100101010001000100010000100001110010111101000100101101111011101100101111000010000110101000000111111000000011011
01000110110111100011001001101111001010001100011110010111011100000101100010001110011000101011111101110111111010011111111110001001
11010111101011100001110101111110010011101000111111110100010111010001111001110010101111000011111111100010000001011100000100011111
00110010011001111001000101000111100011011101111011101010110111001000010100011111011010001010101001100111100010101000000001011110
10011000011110101101101110011010010010011110000100010010011110001001000001000110111010010111111011110010100111100100101110101010
00000100101011110111011110010110110010000111001010011111110101011010110111111001000011100110010101111000111111001000010000101101
01011111010000000000111110101101101010101100100000011100111011001101101111111111110110101010110101011100011100000011001110001011
11100110101111111001111001011011101010001000111101010110010011111010111011010100001000100101010101111010111001000000010001000010
01111011111101101000110000001011100011100001011110111011011110001010000010110101100001101000101010010011110101011111001101010111
11010111010000111000001111010001101100001010101010010001111011100000000011000101110111100001101101110011111101000111000000100011
01001110000010001011011100101011111000100111111111000010001100000100111100101011111010000110000011010101111100011111101110110010
10111101110110011000011110100001011001111100111011010100110000101001011101110111010101100100111001101011001010000010100010000100
11000110100110111010000101100101001011011100111011111101010100001010111001100001110010011001010111000101111101111100001100101100
00001010000001110110100101010010010100000000111110001001101100100110110010001000001101111001011000000001000000010100011111000100
01001010110110010110000010010000100111101110100111010011011001011000010100100111110110001101011011011101101111000010000010101001
00011100101011110010010000010000011000010011100110011011011111100100101101001010010001101010010000111001101101110110101010011111
10001000011101010111101010101100101011110001100011110111111001010101010111011011100111000000110100011100001100011010011011110101
11000000001000110000011100011100000000000101110000001110101011011011111101000100100100110001100011100010100110001011000000111110
00000111111001111000100110101000100111111011100010000111101011001111000101010001001110001010110101010000110110000110010111111101
00000111011111111011000111000000001010011110001111011000111111001101100011000111000100001111011101010111011011111111011101000111
