64 37 1
1001111110011111011101010100101010101110110001100100001010000001
0011110000011011110101111000001001110110101001010000110110110011
1101000001000011011001101010011001101101111110001000110111110010
1111010100100100100110001110110001101001011001001010010000011011
0111110100111011001110110101110101011101100001101110101111011001
1110010110110101010101011000011100000011001011010000100000001001
0010000011100100101011111101100000000001110100010101011101001101
1011111011011011111100001100001110001100000101110000010101101010
0101110110101011001011110010000011100101111011111010001000000101
0100101011100011101100100000101111101010100101011101101101111101
0110100101010100011011110100001010001111000011010011110100100001
1110011010001111110000100100101010011010000110001001011001001101
1101101100010011010001010011110001111101100101000000101100010100
0101000110011001001111011111010000110101111011101010100111010010
0011100011000100100100011001110111001100001111101111010100111100
0100000001111000010010111000101011010000010100101100011101110011
0110010000100000000000101011111100101101010000001101111010001110
1000011001000101000111111111011111110111001010110100011010111011
1000101000010001101010000100111011011111010010110010010100111011
1001110101001110000010111000011011110101001000000001000100011111
1001100011011011010010000010101001011010011110110101001000010100
0000010010000100000001100110111111100001000010100100010011101010
1101111111111011111011000101110000011101000101000101001001011001
0010111111000000100101101100101000010101001001011000010110100000
1011110110111001001001110010101000100111111111010100011000110011
0010100111000000100111010100111110011000101101011000000010000001
0001000101000011101101100100101000100111001001111101011010000001
0010111011010011110110000000011011100001110111001110110100101110
0010011001111010110000100010100101101001001100111110100101101011
1100100101001111001101111010000010010001111101011100011100000000
0110111101010001101100100101111100111100001001111111101010101011
0001111110101111000100110011000010001101011100001101111100001010
0100001000000011111000100111101010010100101100101001000011011110
1110010111001100100100001010100111111100100000111111111010000011
1000001111110001110000010001010001001110101110001010011101001001
1111001101011000110100001010111000110101010110101000000111001101
0000111100010100100100110111000001110000001111111100111101011111
0000100101011100010000111000111101111101010101010010001101111001
1100001110001011101101110001110000111000000111001010101111100101
0101001000011011011110101000111101001011011110001111101100101011
1000011000111010111111001100111011010110010111100110010100111011
0100101111000101001011101010111100110001101001101011101010001010
0010101000001111100001011111101110100001011100000001110100010101
1110101110011111100111011001101010000111011100000111010110000101
0110000001101000111100010011000010010000111111101011011100000001
0011111000100001100111010010110101010010010011101000100111001011
1001011000101000000010100101110010111100110010001000110110001011
0001101011010011111001111100111110010010101100011111001111000111
1000000101101100111100111101011011011011100010001101011101100000
1011000100100100101110011100100111010010100101111101100100111100
0010101011110100001101000101001110101000011001001101100100000111
1110110111010001001101001011101010110101100110110001101000111010
1011000100011101100000000011010111011000111000100001011011010011
1111011100110011010001110110100011110001110101000011000011101101
0000011101100111000000010111010011100010001000100100001000101011
1011001010110010010011011101110011111100111010011111010010101110
0001100111100101010111101001111101011000011011110001111010101111
0010010011000011000110110111011010011100000100000011010000001100
1110011001101111001011111110000110111011010101101011100110110001
0101011001110011000001111001000000001100011000101001111001100110
1100000011010101100001001101011101001000000000110100100001100001
1010000000000101101000001111110010010000101101011011010101010111
1101101010011000010000101011100010101010111011100100100001111110
1000010101000100000100101010100001110101101111011000110010100111
