72 51 17
101010111011001000110000011101011000010111010110010010001111111011110101
011000101101101000011111000011100000111001110000001010111110000011100001
100100110011100011000101011011111000001100010111001010111011010110110001
010000000111100111010001001101010010011010100111110111101011110010001100
101010100001111010101001011101001101111111100001100000101010010100001011
101010100100000101101101101101001100110111111101100010110101001111010001
100011001000001011111001100010100010110011011010111111010011001100111110
001101110001000001110000110001111001101101100100111101110111100010000101
011000111001000010100111010000101111101001001011001100001001000111101001
100111011101011110100111001101000011110101000001011001101010110101010100
011011110110000101110110010000101000101110110100000011100101111110100111
100010010000110000110001000011100101011011010010101100010011011000101010
111100110101100111010111101010100000111101011000001000111100110110100000
100110111111110000011111101111000011010101010100100111011100101100011001
111001011001100100111001100001010110001100000010101011101001101110110011
011100110111001000110000111100000110111000100101100101110110111110101001
000110000011110001011110000111111100100011100100110001001000110000011010
000001110110011111010010001101101011100111110000101100110101001100110101
110101111010101111011011000110000100011100111000010111111100011001000110
011110111110001110011111011010111001010111111111110000101000011001101100
111000111011001100011111100010001110001101101000001010100101100101101010
100110110010010001101111001001001010100101100001111010010110010001011001
001001111010011011110110101000000110101010010101010100110100101110100001
001001100010010000010101110010111001111111010010001011110111000110000101
001000000100011010110001000010000100110000011110111111111101101111100101
100011100001011101011100110101011011001011010100011101110110011001101000
001010111001011010111011101110110110101010111010000011100111110101110111
100011110111011001110100101110000001111100011011110101111000000000000110
101101010100010110111111111101001111010000101110101010010100000101001011
000111100011110101111001110011001010110111100111010010101111011110101001
111001110111101100001100111111010110001010101111111101101010111100010111
010101011101101000001010011110011001001111001000010011011100111111011100
111011010011011101100010111010001100111111110001111010001100110001010011
101101011110111111100011110111001101101000010101101100010101000000110010
110110000110001011110110111010001010110110010111100100111010001100010011
010001111001011110110011110111000001100001000110101010101111111111001101
001010011010000011100001101111010001000101111111001001110001011011111010
101100000110101110011110001000001111111100111000011100110111111000111101
111011000111110001110000011101000101111101000000111111111001101100111001
111111110101000100101011000110101001010000010001111000101100110110010000
001100011111100010011100100100000110110101000001010100010010011000000010
010001100000001100101000100111110010101101111001111001011000111010001111
000110000100011011010010010110110111011010011110001000000101110101101000
001111011101001011100101111010000110011111010011100010101000000100101000
001000100100110011101111100100100101101011010011101100010001001110000101
000010100110100000110001000010011010000110110110001001011010011100101010
011000000011110111111111101001100000111110001010011100011101010010101000
001110111001101011100101010110010101110100010110000000000011011001001011
110111111101001001100001001110001010110000000100000100001110110011100111
111100110100101010000001010001110100111101101000110111010001110101010101
101001110100011111011001101001111010101000001110111000110010001101101101
100011001001000000100001111101011010001101001000010100010100010111111001
001110111001001011110100001000100101111011000101011101111010000110000111
111100001110101010010100110101110000011000011100101110111001111001000101
000110101000011110111011110010111100011111100110101000001000011101000110
010001010110110110101110010100101111010011101110010100101010000111001000
110010111101101101101111111011001010001111011001111000111010011100100001
100100011000011001000110101101111100011111111111001010110000111010011000
101011111010001000011000001100100001100001110010000000000011001001101100
011000100100110111011110100010010100010001110101110001011000101101100100
011010101101011111101111001100101110100001100001110101010000010101010010
110110110100001001001101001000001111100110000101111001101010110001100111
111010101001011100110110110100001000010110010110001000011100100000101110
010011011111110100111101110001001000101110011100111001010011111000010100
111101110000001000111101101101110000110100100000001011100010011010111101
101100110011001010011111100110000011000011111010011001101111111011111110
001100011110000011100000111101101100101110100101011010011000110000000110
100110011010001101111011001110110101110010010000101000000110001011000001
010011001111011001001111111110101100010101000011111010101111101001000001
001000110101111100011111011101000100000010101010011101010000100111011010
000100111100011011101100000101100010011100101000110010110110000000101001
011101111000011100101011000100011101001101100110110011011000001111111011
