80 19 1
10101100100111001001000100101010000100010000010110010000000101100110111100101110
01001011010011010011100100111001100001110111000001110010000110100110001001001011
00000100000101100010100110101011101111010000101100110100000100010111011011101010
00101001010010011100010111101001000100101100001110111000111111011011101010110010
00100000111111000101111110001101011010011100101101010100010100001011010110000110
01000000101000000110111011010100001001100000000001010011111001001101111101100010
11101011101111101100111110110010000101010101110000011100101000000000101101110111
11000111101111011001010011110001110101111000000100011110010110011001110101101110
10111011110101011011010001001100111011010000100101000001101001110001100000000011
11101010001010010000010010001110000101011110111110111100000101100000101111100110
11100100011001001010001111100101011011110011111000101000110100000111100101000000
01110101001111111000001110110100110100000111110010000111101111000010000010001000
10010111101111111111111011100111010011101010111000110111000001100001110101110100
11110111111101101100101111000001001010101101011111101111011001101000001111010001
11110000010000000001010101011000001001100101101011111111010101001101110110001100
11101011001011000011011101111010100011011110010010011101000101110101100011110111
11110101110100101110111000101001010000101010000110001100110000101100000101100011
01010011000001001001000010010010111011111111111001101111110111110110001101010010
10111001100100001101100110010100111111001011010100000011101111110001101101010001
11111010000011110101110101011100010111001000111101110101010000001010110010011101
01011101001000010110100001100011100010010110111000010001111010110111110111100001
00011000010111000011100011101110011101100011101001111000110101101011111110000000
10000001110101011100011100000011011011000011010111010110111110001100100111011100
00100011101101111110011100011011111110010100111000001110111001110101100000011010
01000000110100001000100111001101011011001101100010000111010100001000111001011010
01000100001000000101010000100000110000010011001011111111101100111011000100000101
01011110100101011010011011010000100011101110001000000101001001010001110101101001
10111101111110110100001000010111100101010011000011011111111000100010110111111100
00100011101001011110011000110110000000100101000111111011111100101001001011111100
11001110001111101011011101000001101001101010110010111101001000010110001010001110
10101111110110011000010110011110110100001010001001000000001010001110100001011111
11011011001110101100100100011110010111110001011100110110110111110111100100011100
10101001000111011100101001100100110100001010110010001101011111101111111010111110
10101100111010001010101100011100111101110011001100110000000100011101011010010100
00000011110110001111000010111001000001110001011000101100101101001000101100001101
00111011000000011010010010100110101100000000000111010001011000001111110010011010
01101101010100110001101010100000111011010000011010000101101001001100001100111111
11111010000001010111100001100011001100100010111100001001011010011101100101010101
01111101000100111110111101001111000110110111100011010100111000101110100011101100
10110001111110101010110001111110011011100010000101110000111001000001111010010000
00000011100110010000010110110100101100110100101010011001010010100000011000010011
01011101010111001001101100000000101110001010110011101111101101110001011111010010
11000011010001101000111001110111010011110111011111101101000011011010100011110001
00111001010100010101101010101111110010011000001011101101111000101100001101101100
00001010101000000000101111010010000101001100100100110110011010000111011001001011
01110010100000011000110000010100011010000011110010011011010000110011100101010000
00111001100111011000000010001001011111100111000100001000000100111000110100000000
10000000110111011110000100101100100100011011110001011001111011001000001000110110
01100111111001001001011000101000000011100001111011100100100101101100011111000100
00001010011100111000111101110010010111101111101101100010101100101111111000110001
11111000011100110101011010101010100100101111111101001100010111111101110101000110
10001001010100001011010010010001001111110101111110010001000000101000011001100010
11111101000011100100010000010111000100101100010000001111110111110110000110110100
10101010100011010110111000101100010110010011111100010110010100000001000000011100
10110110011001100110101101010011111100100000010001011101001010001111101100101100
11100001011111110000001101110011110110011010101010010100001101010001010111000101
10010110111100000011110010110101001010001011011000110001010000000100110110011011
01101111010010101100001100000010101010110101111001110000010010100000011011000111
10010011101000000001001111101010011110010110001001101111011110101010111101001111
00001110001001011110010000111001001000000100001011010000011111110010110111011111
00000001110011010111110000100110111101011100001010101000000011100010100010010101
11011010010101101111111010111101100011010110000011100001000011101110010001011011
00100001001110011111011101001111100100000100101010110000100111000000001101111000
01100011010011011010101110000000001000101000111011001111101100000100100001110011
10011101110010011110101110010100101101010010101011101010011001000110011111101010
10000100010011010111000011001101101110111000101100001000111101000111111111101111
10000010101011010110001110101101101100100000101010000111110100010100000000000000
00011100001001101011011000000000001100000111101000100010010001101001000111001100
01000100101110110101100110111011111111000111100101011001000001110111011000011001
11011100100111010111001011100011110000010001011000110111011010000000110110111000
01100001111001000101000111101101010100011101101110010011000110110100101001010101
10100010010101000101111111011000010110111101011001111110011101001010010000111111
01110010100100010111011100011110001001111111110100011101001110100100011100111110
11111101110010011111010111011110101010101101110000101010101010100001011010101111
10100110100011110110100001011100001010000101011010100101100001001100110000100011
00111100100111100000100111110000011001010111000000011000001001010010111100101111
11100100110000100000101000011111101110111110100001011111001110000011000111111011
11100010000000000000000001111010100100010011011111100100111010100111110011100010
00000001111000000111111000011111011011100000101110000010011110011110000100110000
11011111111011111011000000010011110010001100011111111111110001111000000110111110
