72 3 3
101110001111000101011110110001111000000111111111011100010010101001001000
011100101001000001001101010110111111101101001110010010111111100011111101
000011000001011010100110101011001001101101100001010011001101001001111011
101100101100010101011110001100010000010101000000101100100000101100001000
100100001111001001110010011011011001101000100001010001000100001111100000
110110010110000111101010100110101111000010010001111111111000000010110111
110101110000101101101001010010101101011111111001110110010011001001100010
001101100110111111001001110001000110000011010000110010001001101111011001
000000011000001001110111011111011000101011111011111100101010100000010001
111110001101111011101101111111100011001011110111001110001100010010110111
010100000010010110111100110101110100100001001010101001111111000110111011
110011000010101010010000101000111100101100100001100111101001010110001111
101100010011101011111010010101111001001100000001101000001001110010000110
110111111011001101000000000011000100011110010101101101100101000110111000
001101011101001011001011000101101011110001111010110011111001110011001001
110010101111100001010000100001000000010011100100000100100100000111110111
101100100111101101000011100000110100111110001101101101001001010100110011
111011101010110110001110101110000001111110111100100011010001011011100011
000110001010011010101000100100010100100011111010000101111001000011011110
001110010010101001000011110100110101101010000011111110110100111000100001
000101000111000000010010010010001011111101001101111110011011111010101111
000110101000001001110010010100000011101001111010101001000010010001110110
001010000100000011011001010001010011011100110011101001100101110111010100
101001111001110010101110010000000000110000111110000111010011001101110110
100101100011111010100010101100011001101100110011001100111111110011101001
110110010001000111000111000110001010011110000011001010011000000101110000
000001101110111011011000111011001001100111100111010000011110010111011000
110101011011010100001011110000011110011100001101101000101101111100101001
000110000110100001010100110010011000001010000110010000010011111011010111
100011010010111110000101111100000001100111100010110111000110010000011010
000011000111011010010110111000001000110001100101100110111111101000001001
111001101011010101111000000110001100000001100110000010010011010110110110
100110000001001000001010010101110011011011011111111011100110000001000111
110001011110000011100100001000111111010111010001011000000100111001100101
101101000000010000101001101011101010100101100100110001111110011010010000
100111010010110001100000001111101001100101000000111011000111001001111110
010110100001001010101001011100101110010011111111101011010100100010011010
110101010101000010000000001101000010111101001000100100110101001000001111
101001111111000011111010010111001100011110111110010011001010100110100011
100001000000000101101111101100011011001000000011001110010100010111011100
100010110000011001000010011111100001010010011110100100101100011011111100
000101111000000110010101011111011001100101101110011001111000101101001111
001111110011010110111001101110010000111101000011100000111100110010000110
000001011011110001010011111110110101000100011011100100011100010000100010
010101011010011010011010010010111101001000011110111101100111100110010110
111110100110000001111100110101101110100110110010100110101110110001011011
000100100110000100111111010011100110100001000010011100011110000011110110
110111100011000111111000111100111101111110010001101001110010100000110001
111111111011101110100100001000111010001101111000010011111011001110010100
011011010101010111000111110110110011101011110001101101010011101110000101
000000011111010101010101001000000010111000110100101101001101100111100100
111101110000100100011010100110011101101101100110111000011010011100110000
110101101101110011100011000001100111111001110100110111000100010010101001
010000011011011001001110100010111111001100001100110001010011000111011110
110111100100101100000011111110101110000000010100100101111000010110010000
101101011011001101101110111001010000101110010100110000001101100101101010
111111000001001011101010100011100011011001101001101101111110000010011111
110010110100011101001000001001110111010000101011111100100100001011110000
010011111101111100000101001001000001000110000110111111111001100110010101
101111010101011011101110001011001101000110010111010001001010111101011000
001001000000111110101011110010001001101100101010000110101111011111000110
110011000111101000100011010001000100010001110110110111110110000111110100
011000001011100110000011100110110000100010100000000001101110011011000111
101101101100010111110110010001110110001001001000111000011010011000001101
101001001101100000001001011100010011111001011001000100011000011011100011
110010001011000001000101001100001001101000110010110101011101001100010111
010011100110011101101000001101000001111110111111000000010100000001110001
011100110110111101011011110010100010001010101000001100101101011000001010
001001001101111101001101111010110011111001100111011100011000011111000101
111100011001010110111000100000110000011110011000111010110110001000001010
011111100011000111111111101000001111001000110000111101011011011000100000
101101111101011110010110101111101111011101100011011000111000110101010100
