32 6 1
10011001010001100101010001100011
01010000111000011100000011111001
01101101011101010011011100111111
00101110101111001011100011101011
00101000011000010101101001011100
10010011111111010001000010100001
00000011100010110111111011111111
01101100100111011100001010101011
00011001000100110110100000000110
01011000001010110111100000000110
11101001000101000000000000001100
00110110110000010010010111100011
00001101001111010100001111101011
01101111000110011001110000010101
11101011000100101110000101000111
00110100100111100100101110101111
11100101000110111100111110101001
11110100011110101101010011011001
11000100000101100110010101011001
11100100101010011101000011111001
11110110000100111101101110010001
11010110110111000011100010110111
01111010010100001100000110011110
10100000000010101101100001000101
11111001000101110111010000011000
10110100100111111011111010100100
11111100000111101010110011011010
10000010011100010111001111101011
11111011100110010010000101011100
00110000101010110010111101000100
10110111011111011110101100101010
00100100011101000101101100010110
