128 2 2
00011110100110111110001110001101000111101100110101111000000001101011101111100111000100011011101100000111101101001000101000100011
01100011001011110111101100100010100001111011000011101001011001011010111010111110001101000000100001010100011111111010110011001010
01101101100011100001011100010110011101011010011011110110110101000101000010011110100111000000100010111110101010100100000000010011
10100001010011010010000000010101011001100101011010000001000100000000110011110001101110010000110110100101000000011110111000011100
11010101111111101000100101010011111001110010000101111011110101010111100111111001111010101111001010101000111111000100110100000111
00010010101111111010101000001111010011011100110011011011011111110110101011100100011010111100011011001100011101110011000111010101
00110000111000110000010000101100011011010011000100101101100110111011000001101111011100100111101000100110001100001010000011101011
10010100110110110110110100110001101111110101000011100110111010100010111101101110101110011111101011000100011000010111010101000001
10111111001100001101001101101110101001101110100010001111001010000000111000010100100011111010000100111010101111101110000111111101
10010011001100110000100011111000011010011101110100010010101001100011110000110110011010000111101100111111001000001100110101011010
00101111101101110011101111111010000111110000000001011101010011011011100100000010111100001001100001101110010011110000001001110110
11000000111100010011001000101000111011000111110011110010000110001100011100000001111110111100000111000110110110101000011110110000
10011111000101101100101001101100001110010101001011001101010110111000110100000100100001000001010101010000010101111101000100001101
00000100001010010000001000001011001011111011110110111111101001111010101010100111001110000001110011000111101100100010010111000000
10011101010011001100001011001100100100000001001111110011101011100110110100100011010010110111001011010000010000101000011001111011
10000001011011001001101010100010010100001100000101011110100010011001001001001101001100111110111110000000101111011101011110100011
00110111000111110100111000001011010000100000111101011111001100001100110110101000001111011101111101110100000100100110011100001111
00001001011110101101010110101011010100101011011001100010000000101101010111010110011110111111110100001000001001100011000100111101
11001001010001101011101100011100000100111110000110000110111001000000011001001010010011001111110100101101001110011000001100011001
01010000110010110110001000100111010101110110101000001001011001100010111100101001101001100110000000111011101011100000111100100111
10000101011110110111000101111000001101000011000110010101000100010100000001011000000110000011010000100111110010100110110011111111
10010101001100111011111000111110111100000011010011110010010101110010010111000000111110111101011010001011011011000111000100101010
01010100010101100010110111101011010011010011101011000010100011111010111110011010110101111000111010001001000101110110000000001001
01101111011000000110110011001011111000001111110101010011111001010100001110101101000000101001101101001110100010110111101111000100
00011110000101110000111001001001001100100111000110101001100010011111101000101110100000100101001110010110101010001001011110010100
10101000011101110100001100001001011111011101010000110000011011101010110000110110001010111010100000101100101110011100111011101110
10011010000000111111011100010111110001001000001011100010111101010110001001011111001000010000110101001100001000100010010010101101
00001001111110110011011100011010010110001010011110010110011110111101101001010101001010011110001101011000101101001100100011011111
01101100111100111111111100001110100010111001000011111001001001011011000110010010101011011111010010110101101000001100001101100100
11100010000110101101010001011110000100110101111001101101110001000110101111100001011110001101001011101001011010111100110000101010
10110100011110111110000001110001010000100011000000000110000000001001111110001101101110100100100011100010110000110000100110011010
11001100000101000101100010101100000110010000011001110111011101101010011100101001010001100010110010011101101001100101111111000001
00000111110101011000011101000010100110001011010100100010011000010101101011110000010010111011000110001000111111000001011010100011
01111110100010010111001000010101000010000010011100010111110000100100110011001111010001110110001001010110010111110110111101001111
01110011010101001100011101100011000011110000100010001010100011110111010010000011011110111110101110011010011010111101100011001110
01111001111011100111110100110110001001110111000001111101001010011111111100101101010111111010011101110010000110011110001100101000
11111011011111110010011010011010100011011110001101100101100011100111010101001111011001010001011000101101100011000100100110011111
00111110111101110111010110000110111000101010101110110101000011000111001100110001111111010011010001101001010000010101000011010010
11101110010010111100000110010101011000001011100001001111110000111111110111001011111100001000111000001010111010011100000100111000
00010101011111001001000100000001000010111100011111000110110100000111100111100011001010000110100011100011111111011010000011001100
00100001110100010011011110101011000000101110111011110001000101101101111000010011101111111111001111000000010011000111000011111100
01011111010110111001101001010000101011010001010100011011110100111100000000000010111010100110011101101101001010000101110101100110
01000110110010011011110000011011101111000011111000111011000100010001101110000100101001001011010010101110100110110110010101001010
00111011010000101011010010000100010101001101111000100101101101101111101010101001111101010100010111001000010110101011010000010001
11111111000101000110100100000111000110010010010000010010011000101010010001000100100101100001111011010010100110000010100110000001
10111000000110110001100011011000011101000001010000111110011111111111011011111011000111100011010101000111100001111101001000101111
11011110110011100110100011000001101010001000111110101100010110000111110100110011101000001010100111111101110101010010010110100101
11000011011011111011110011111110010001100001010111101100110001000000100100101100110001010011111010000100111101110010100101001000
00101101010001001110110000010000010001100101001000011010111111000000110001101001111010000001101001000100011111100010010010010111
11110100010101011111010000101010100010011011110001001001011111011011010101010100001101001010111010110000111001001101101001010000
01101001101111111100000010010011111110000111000101101100001001100111111100000100010111111010110101010100100010010101010101110110
01101100010111110100101101000111101000001110000000011101001100011111111000101101100000100110111010100010101011100110100110011110
01101000010111110011111011110110000101000011010011001110001011111110010110011100001110010110001000001011000110010111110100110110
11111000001111110011111110001101010000000101111110101011001011101101101111100001011111011110100010100000010010011100010101010011
10011011101001101101001101001010010111001000110010011101011110010011110110110111110001100001100101011000111101000001101101011101
01111100111101110001011011000001110100110110001001001110010110011000111100111111010101110001000000010100001111010011100100110110
01000000001110110000001100000110010010100011001101110000101110111110100010110001010000010101110001110111110011110110101111010010
10010101011000101110101001101111110101110010100011100010000111010101010001011011001010011000011000101101000000100001100011010010
01010011011010100111001110010110011110010111101101101010011000011000001010001111001110111001000100110011111011111010000110010111
10001110110001111001100000101011111010001001111001111111101111000101101101011111000111001010110100100010011110010011110011101101
01101011000110010111110001110110001110110101001000011011101110010111100110111001000101010101101010100001011111011001000000111010
01101101011101010000000001010100011101100010111111111101101111100010100101100011110000010100000001000010110110011011111101101100
10010111000000111000011011100101000000000000111001001100010111011111110100110010110000010101000111101111100101100100011001100111
00011101000010011101011010011100001100000100111001001100001111110110110100111101001111111011000011001001011001111100000001101101
10100111101110001110110101010001101111001101001110101101001101011011111011110101100110000110110011100111000011011000000001011010
11100010001011101101111101010001111111111010100010111000011011100111001110101110101110111010000011011100111000100011000101100111
01100101110111101010001111110011101111101100010100100111011010110001010100101001010001100010001011011001010110111110010111100001
10000000100101010010101010010100100000000010110111001111010001001100100011000000000111011101001111110111011101101111100010111100
00101010011000001110110000111011010111110011011010001111100000101100110101001100110101010110101001010000011101100110111100111011
10000000111010010101010101010001001000101000100110011001110110110011001011001010011010101000011110001100000111110011011111110000
10001001000111110000110011010011111011001010001011000011011010100011111011011110001000001100111110101000100111111000000111000100
11001101100101010010000110011010100010101111100100110101100000010001111011101111100101011100101111001100010101101111001011001110
11000001100011001101111001011100000110000001001101010000100000000011010000101111010110111111101001110110010101001010111001101001
11001001110100110101011000011010010111000010010000001100011110110001100101100110110101100011111111000010001000111101010001010101
00101011101100010100001001100100011100010100001011000100000010110000001001001101001001001111100101101001101111010100000011111101
00100110111001000000010001101111111001000100001001010111001110111010110100001101000111001111100111100100100010010000000111010001
11110111110010000000100010111100000011011010010000110110111000110111010110011001110100111101110100001101100000011011001111100110
10011000000110001101011100001101100010010101110000001101101011111110100010101110110000110010111100100101010111100010001110101010
01010000100011111010001110000100001100100100111011001110111111010100100011000110010011001100101110110011110101110111110010000111
10010111011100000101001101100010101110101011010000100000110001011101011110101101101101101101000010110011001110000110100010110110
10110010001101101010010101100001101100010101101000010000110101011101100001111011110111100110011110100100011100111100010101111100
11011101011000111100001100011010010100011111111101111001000001001011000010111001110110010111001101111110101011000011101110010011
10001101101011100011000111111000000110010010100111010111000101101111100001010011110101001111001111011011010011101101100011010111
01010100010101010011010000101000001000001001101100101101100000000000001101011111101010000000011011110000100001111000000000101000
11111100000011100100101100100001101111111010110100000110110111001110010111100101101110001010111010111110001101011110110111110011
10101010001011000101000110010011000001001110010000100011000001001001100011010010010011111111110010001000100101100101010010101101
00110011010111110011111010010100111010100011100001101000011001011110010011100100110011000000111001100101111110101001101101100001
11111000101000010001110111110001101001011101001011001010011010100010011111110011111000001000011000001110101101000100110110110010
01000101000010011101000111010110010001001010111001100111110101100010111010001110100100011000110111100000000001010000001001010000
01000100110100001001011001110110110101100010001101111011010001011001101101001101010110111111111001111111010100001100110001111011
01010110011011100101001001011101001000001110100110111011110110010100101000010001110001111100111101000100111111001001110001010010
11010111000100010001000010010100001011111111110110011000100110110110001110101111010100110101100011011100010111011101110010100001
10010110001110001010010100100001000010000011000101101011011011110001001001101111110011110011001001101100000110001000011000000101
01110010001100010010001001000010111011011001000011111011111111100001110010111110001100011000110101010001010111110010010110100010
11111100101011111000001101001100101011001000100000000000101011001111011110100110111111001100001010111001001010110001100010001100
11011000010001101110010101110110011001000000010110011001100010001101000000100101100100000100100010010010001001111101011001011010
01101110100110101111010000101101000011001000010001110111011101001000101011010010011001100010000101001100010011010001111101101111
01100000100001001010111100111100000100111011111011010100101011011001100000111011110100110011001101111111100111000000011101001111
10100001100000000011000010000101011011100000010111010011010010111110001001010100001001000011000111100000011001001011110111111101
11110110010001101010111000100111000011000101011110100000110101011011101011111000011011101111110010110011000100101010001110000111
10011101100101010110101011110001010100000010011001011100011110011111111001000001100010111000010101110010100000110111001111010010
10010100100111010010000110100001000000011010111010000010000000101011010101111110100000010011011110010110001111011011010110011110
01100001110000111011110010000100000100011000111000110001000010010001000010000100011011101100010010101000000010011011111101100110
00010011011110100011100000001101000001100101110111010110110011011010010000011001100111100011110010011101100100010010100101110100
10101111110110100001000101001000101010110101111111000110010101011110111100101011001010011011110000111011001001101000001110101111
10100001011000110110011110110001010110011100111101100011110111000010011001010101011011000011101000011111110100011011111101011011
01001110001100000111100110000001101000000011011010100110110010111011001101000101111100110011000100010000100110101011110110010111
11011010010111101010111010001110011010011000110111110110110001010111110000011000101111100101000011100100100000110001101011101100
00001011011010101010010101100000011110001000000100001011011010111000010111111011011110011000011110111000111010111001010010011000
01111110100011001010100000100100101010101110110010010010110101011100011100111100101111000010110010111001011101101110010000011000
01111111000111100010010011111110011100010001010011110110011000011100011011010001111100111010111001000110011011000111110111100010
11101001110010011100001010010100110010101100100010101000100100111110100100110101011111100100111010000010010000001110111101100001
01001110010110100101010001011101001100101010010001100101010100001011011011010100010010111111011111000101000010010001110011011100
00001010100001001010101011100111111101111111010011011111011100000110001110100101000000101011111110110010000010010010001110100011
10010110111011001100011100101010011011000110010000000110000101100001110001010010011000001011100010101100001000111011000101100101
11111011000101011101101000001010101000010000101010110010010111000110011011101001010101100001101110011100110010100110000000100110
11111110000000001100110010001100111011011011010000001001001111000101001110110110110100000100000011001110100111011001101111111011
11100010111001110101100010110101011110101010001000110101110100011001011010011111100100110110011111000000001111011101111110011101
11111111111001110010101001111000111001110000011010010010110010000000110100101001110111000011011011101111101011100111110111100000
01010001010101111100001010001001000000011001100011011011011101001000001101101100010011111011111001000100110001110111000101011111
10111110001110011101101101011100111110110001000110101011110010001110010010001010101000100101111001100111111011101000010000111100
01000111010001011111010101010010100110101101000110001011011000110110100010110000000111110010000101111100111111111110001101101111
00111110000011111011010000111010101011111111010111100100110101111010101111000011101000011001110000010000100101000000001110101111
11101100001010010010111010000101111001101011010000011010010010001100110001101011010111100101001100111011110011110100010100001001
01011111011101000001100010000010010101010000110111011010110101000011100100111101010011000100000100010000011001110110010000110100
10110110000101000100011110001001000010000110011101100010010010110110100011010100100100111111000010010011110111101011010101001111
11010101001110100100000000111000101111100011010100100100010110011100110110001011001101101110011110101011011100000110010100001110
11011101110110111101001001100000111001110101100010011111001010001111001001111000001111111010001110100000100100100101010111001111
