40 45 9
1001110111101011011000011100011011100011
1000011000001010100011000101110110111111
1000010010001000101111000111011011010110
1101111110011011111000011001101110011100
1010010101101110011111011000100000101111
0111001010011000100001101000111100010111
1101001100101000000101001011110101001110
1100110010111000011000111110010001010111
1111111101111000110001000000111100011110
0011111000011011111010111110100101110001
0001110011000011101000011100101011100001
1011010010000011111100111010011011100001
0010101001101011101110101101101110101001
1011000101111011100001110011100001101101
0100111111101111110010111010011001000110
1000111101111000100111100000110010010100
0101001101000100101111100010110010111101
0011111110000110100100111000101001110000
1001011101001110010110111001111010111011
1110101111001010000111101001010100010100
0100100100110011110101111101011000010100
1111001101000111001010110100000001100010
0100100101011100000101100000110111101111
0100000100001110110011100101010110110100
1001111111100100001011101001101110001110
0101001001000000001011101100001011110110
0100110010001100010011001011101110111010
0111011001011010001100000011000011110011
1100100001110010000000011101110001111111
1101111111111100000110111010000110000111
1010111101011011001001100100101000000110
0010001000110010010111100100110111110000
1111101101010110110010100100100010100000
1000010111101001101100110100101101100111
0010101001111101001100011110111111101111
0001110111100111101011110111000011100101
0110000111100110011010001111010000100101
0101011001001000111101001110011001111111
0011001010101101011000110001110110000101
1111100111001111110101001101000010100101
