128 40 1
00100101110001111011100001101011000000111001110011010010100101000010101001011000001000000010011000010111110000000001001100101001
00010001101111111100111010011101110110001100111010001101010100011110111011000001010100001011101010101010110111110110111100010111
10010111001010111010001010111011110101101000001101101100110001110100110011111001100110100100001011001110000100000011101100100011
11000110111110100011110111111001001010101001011100011100011000100000110000100010101011110010000111100100001000010101011010101110
00011011001111010010101100111010011100101010001000100011000100101011100011011110000001101001011100111110011000001011100000101001
01010110000110100011111110010001110100110001011101010000001101010001000100001011100101101010011000100110100100010100000100101111
10010111110111010110101101010111110101100110001011001011110101000011101100100111011111000011011010101001111100100011110001101000
00110101001100100100000011001111101111111000000010010000100011001100010010010011101101101001101111100101000000010110000101001011
10100110100100101001011101111001011000010110100101000110101000111010101110000010101110101111100010000011011101111010101010100011
01101110001010001110100101101001011100111010111000000010100110010000001101010111111110110101000001011001101110000111100000101001
10000111101111111100110110100101001010011100011101000010010000101010111001001101001101110110011110101101001111101010101110011101
10101011001000010110101011000011011110111011010000010001100001110101111010110000000000000000111000101001100100101101101101001101
11110001000011001010110100111111100100000001101011100110110001111100100001101100010000011001111111100100000011010111110000110001
01101001011100001110000001000010010110011001000111111100000000001010101001001010101111111100100010000100000101101110001011010011
00101100001011000100100110011101110110111010101111011001100011110101010110110001000110000100011011010001010001001010100110110011
11010010111101101100110011110001001000001110010000011011000001101000010001010010011000100101011000001001100001011011001111000100
10100101001000110000011001001010001011111101110100101101000101001100000110101111000110101111010100100101111100001000110000101110
00000001110001011010100100111011100100001101000110000000011001111101101111010111111111101001110010000110101110001111101001100101
10010111110010011100110001000001101110011011000110011011011011001111110111011011010111010101100011101110110011110101001001011010
11000011110101001111100110000001110111100110000111100101100100011010101110110111100110000011110001111010000101011000000111000000
01011100101111000000101011010000001111101000000010000001101101101100010000001100100000100010111001000100110000011011011011110010
10011100001011100110011100000001000110111010010001000110100100001110100011010010010010100100000111111110101100000011001011010001
10011010010010110001001110110110111110111101110011111000010111100010011001100101010111000011100101100101011111010111011010000010
11100110101010111001101001011011101100110111100010100011010111000110111100010011100101000000000000011111110101111101010010010110
11000111011000111001101000011110110101110010011111000100101001010001110111110001001000010000101110001001010001001101101001011010
01110100010000010011101110100010101110111001000011001110101100100111110010111100100011110000000010101100011101111101010010110111
10101101000111010001101000110001000010100010111001111001110101001000100101111011100010000010110001111101100000100101001010000010
10101110100001001001111001001101111101101001101001111011101111010100010110010011110010110001100110000011100100011100111101011111
11111010010010001010101100111000110001100110110111100100111010001001110001000011001011000101111110011010110111011011111010101110
10100000101110010001111011100011001110100010001001010100010011100111101101111011110010011001011000110010101011100001001011110011
00000100000110110010000111011101111000000011010011111110110010001100100110011100011000010001101010010101111001000100010010100011
01010101011001001111011110010101010100000000101010111010011101000010000000111000010101100010110010000100111011111101011011010010
01000000000111100110110000101001000010010100010110101001001100100111110001010001011110000010001010011010111011100110100101100001
00001100010000001100101100101011001111000000001111110000100001101101001101111000001000010010110100000111010110110111110110111101
00101111010101100011000101011001011101000000011010010010011101001101000110111010110101000110111001111100111001110100000001110011
10000011100111000100110101011100001000110110010000001110001011011111110001011011001011011110000111010011010111011010110001001011
01000110011111001010110001001011110101101010010111010011111110011001001100101101100101000110111001101010000010100101001000011101
11100000010011000010101101011010000011010111001100110000010111111110000011011100001000101110000101001010110100100011001111011001
10010110011000100011010100010010111100100000010110011001100111100010110111100110111010100001111001010101011000001001001001011111
00001001111100110000000010100110111011100000010010010110110100011111001001111110100011000000001010110011000111111110111111001100
01101011110010101010100110101101010111101110100111101110100110011011001110111100110010100110001100000010001101110011000001001010
00010010000011111111110100100101100101111110111000011010000110000011110001010100000101101111111011100100000100100110010000101001
11110000001001000001101100100110001001111011101001110000000011000000111101011011100100000010010010010000101001101110110001001000
00100101001010001001111101111101010010010111000100011110001101101100101000100110000111101111001110110010100100000011111001001101
11000101110110110101000010001011011001100111010001001000000110011110100111110100000100101010001110100101111101011001101000000110
11010001111001111100110100101100011010011110001110011001100010111011010001001100101100010001110011101101000110010100100110001000
00011000001001101110110010001101110010001001110001110101101011100110010110011011100110011110111100101111100001100011000110001101
11001110111010010101110110101110111010000101000000111000000010001100011001100110101100110011010110011110000011000010011010110101
00011110100011011001111000100110011101111010110010101001011010011001100001011010001001101110111111001101010111001101010101100010
01010111010110101100101111111011001010111000001011001100011001101000001001001101001101101101001101111011110110011111101010110000
11111001000110001110000101101111100010111100100101101010100101010011010100100110000000000010011011110110100101000000000111110111
00101000011001100110011111010110100000001110100111111100001010000000001000010001011101100001100100011111110110011100110101011000
10101010111010001000011000110111001100011100101101100100110111110000100000110000101011001010001011000000011010110011111000001100
10011011000101001110101111101100101000000001101001011100110000010101101101010010111011100100001011101111000001011110000000000001
10111001010000110110111111111001010100001010101111110000001100001011110001011001110100100110100001011001100000111111001011101111
11101110110010101001110001110011101010001000001001110101010111001000001001011110001101000011001101001100011000010100101100100000
00111111001101011010001010111101110000110101000101100101110000111010011001101101111101001001101000001101000110001110110000110010
10001100101000111010010000100011010000010100111111110010001010011010011011000110011111111010010011011110110110111100001100010011
11100001011110001101111111011110001101000111001111100010101010000111111111111000010011001001011100011110001100101111111010101011
01100001000000111000101100111001111110010100111010100010001101111010010000011000010010010111000101011011001101100101100011111110
11101011000011010000010101100001111011101101010011000010100000111111001111010100000011000100100111010101011101101100001011111100
00101001110101110101111100001000000100011101011101010100000101101011000010111001100101001010110010110111110011111001101011000111
10010001100011111000001111010101100100111100011010000111110100100111000110100101101101010001011010111000010000011101000100000111
10000011111001111001000100101011111110010010101001011001110001111100111110101011110010000010101011110001100001100001000001001101
11010011011100100111011000001110010011100010100111011001001110001001101100110111011111111011111011101010001010010111001100011100
11000100101001100000011110001000001011001100010000001010000100000101011001011011101001101111010000011110111010100010100010011000
00101000110011100001010110100100110010101111101101000011000010100111000111001111101100111110101100100111000111001100111000111011
00101011010010001000111100110000010111001000000111100000011011010000000100100111000110111100001111111101111100110101111001011100
01110101010111010011101011100110001001100111111110110011001010111011001011000100111110010101010111011100001111100011011001100111
01111111100011011111001010111001010100010110011000100111100101000111100110111110110001111000110100010101100010001101000001010000
01100111101000111101101111010110001000110000011101100011001010011111000000111000010001101000101000100101010100100100110000110010
10011101001010010011011010111000001110100001010011110111101001001001011011010000011001001100010110011110110100101100000110111010
01101100001001000100101101001101101010010101001011011001101000110111110100011110001101110010001010101001000100000100111110100000
00010000110110111110001000000000011010101110111000110010110111000101110001010101110111100001101110011010001011110100000000010100
10111011001001100101111111001000111010101001111000101010000100111111101011100100110000000110100111010111011000011111111100101110
11110100010010111000101001010101010000000001010011011011111101100101001000101001110011100010100000100000010011100101001000001001
01101100000011010100110100110100010000000000111100111101100110101101100100111101110001011000110000010000001011100000101011000100
10100001001110100101001110101100000001101010100111111000010111011011111010100101011111001010111000111001011001010100000111101011
10001011110000111111011100111000110010111111100011010101100001010111110001101001100011111111001010001000010110011110001111001100
00011011110101010110111001011111110010101011110100111001100011110011011111100111100000111100011011110111001010110010011101011110
01000110100000100100000010101110010000010011011000100101100011010110111110001001011000110101000011000101001100101000001011100101
01000000010111111010000100101010110110000011100001000100110011001100100101110110101111100100010100010010001011001110000110101111
01100010000110000100001110100100010011010001100100101110110100101010111100110100110000001111111110100100111101010001001110011000
01100101011001111100011110010010001011011111010100101101100111110011011100001100110100011000101100100010001011000011110011011101
11011100110000100011001111000110011011000010001000000101101111100101000101101001100100110000100010110100000100111111100100100101
11111111111000111000001101110100011111100000001101111000111001001100010111111101010010011111010100111000111001110011010001100101
11001000110000100000100100101111111010111110100100011001011011100000011010000000101001110011101000011110111111101001110101111010
01100001110001111110110111001000110010100010100111100111000000010011010011101110011000010010010011010001110001000101000001110111
01011000100101100010011100001111100001101111010111111001000101111110000001100111111011100110101000001001001011000101001011001111
01010000010000001100110001100010111101101001010000011010100001001011111010011011010101110110100000111000001101000010010001011111
10101101111101110010110010101100110000010100011011010011100010111111010000011010101100111100111001100101110011001010001111000101
01110001101010010110000100001010011011001100101110011011011111110001101011111000100001100001111101011100011110000001111101011111
01011001111111101010101101111001101011000110010111101001110010001110010000001010100100011100101010011111101000000010111001101000
01110101111111111010001000010100011001110011100011111011001011010111000001110111000101101000101110010110001011111110100001111001
11010000011000100001001010111000101101111011101111010101010110101011010111000011110110110101010111010100010010101000011001000010
10101001100001001000100010000000010110000001011111111011011111110100110111010111100001111000110000011001110101110100111001010010
11100011101110111100010011011100111110000100111101101010111001111000011101100010000101110001010111110000110101100010100000101110
01101011110110110011011110100100001100011110101111010000000011111001010101010101000101111110001101000100001011100010101011001110
00011011010001001110100010011010011100001000000111000011110011011101011110110010110111101110110010111001000101110110100011001000
11100110101110100001001101010011001011011000010010111011010011111010101000101111000111010010101001001001011110011100001100110010
11001111011111000001010011111001001111100011100000110111011111011011101100010011100111010110011010100010000101010001111000011111
00100110111101101101011111000110111100111101010010111000100110001111110000100101110011001101101011100100110111000110010100010011
10111111110001010110111100100001110011100001100101110000011001110111011111000010101101011111010001010101101100110001100011110101
10011010001010110100000100101110110011111010100100101011001111000010101001111111101001101101001000010011100011010110011001101001
11011100010100000010100111100111010101100000001000110101111110011011100100010111100101010101101000100111110001110100001111001101
10101111011100001100111101111010000111000111111100101010101000101100100101011001011110111111100000110100110010110101100010000010
00101010110010111110111011101001001100011011000111011110000101001101000101011100001111011000100000100111000110011110010010011011
11110001000110100000100010101110001000110001011010100111001110110001010110000001010011011101010010100111011010111100001011110100
01001111011010100110100101001001001110001100111110000010001101000111111101101010010100100010011000110100000100111001011000001101
01100101110010100100010000010010000010111010001011010000000011011010111010110011111111011000101011000001010111000101000000011010
11011000001111011001001010100001100100100001100000000101111111001010000000100100100000111110011000001011101100010010110001100000
00111010001001010111011000110111000101110010011011110001110101000110001011110011101001110110011000111010101010100000110101010111
10001100010110110000101011110000100001000110101101101100010110101101011100110001001111010001010110011101110001101010111110001010
10001001001010000101100000011000000100001100101101011011101001001011100010011101110011001101001111001000101000111110011001100111
00110111111110001000110011010000011001010111011111111110111111010100001010110011000101111000100100100011101110010100011110000010
00100011000101010010110010010100110011110010111101110101100100111110110111100110000000110110000101010001111100001001010011110100
00110101001101111001111000101000011101011100011110011011010010010100011001011100111011010011010001110010011100101100001001110111
00001111000001010110110001101011110001101110011101100000110010001000110001011001111111110110110111100111110010101111000101111100
01111000100101110101100101110111100000000010101010110100011011101100100101111111100110010101011011001001110000110110011001111010
11001010010010001101011010100001101010010111111001001110000010000111010000111100000111110101101010110010010100100001111111001000
00000110011011111100010100010001001010001000111000011000101111011001001001011011000101111110010010100001100000000000110101110110
10000011010110110100101110010111111110100111101101111000111101000010000011001101010101110000100000010010110000000010101111001000
00110011010000100000111001010110101010110110100010001101100110110111100100110111111011100011000011010000001111010011111110111110
11110010001110000011111010101010001000001000000000111010001010010011011111010010010111000101100101010000101111010011111101010000
11101000010100100001111111010011111011111111100100011100101101000001110001011001010100010101011011101011111111010101100001100011
10100000111001110000000011111000001101100000101001000011101001001110000000100000001000110010010110110101011011111011010011010011
00110100010101111001101111010110001011010000011101111000010001001000101011011001110101100100001101100001000100000010100100000101
01100110111001001101100100001010100110111011111101011011110011000101110001010100100011000001111101111111110111001000100101000110
