72 4 1
000110100001100110010101001010010111100100110100001011101000000111001001
110101101001111011101111011101010001101100001101011100001011110001111001
001010111010010110111111001101110011001000001011000001101001010011101001
001001111111000110011110000010110111000111111100111000001100101011111101
010101010110000111101000111101001001101110110001110000010100001111101000
010110000000101110100011100000111101101110100110100111100110101011100101
111100110111100111101100000010100010010101011000100010010101111101000010
100000000001011101010010111110100101001001000110000001110001011111011111
011101101111000000101010111001110101011110010000011100010100011101001110
011011111011010000110000001110110001011110011001110110110000111101000111
111011000011111111101111001110011110011000011101001111011100111001110010
011000110001110001100000111011000001010010111110000010100001111011110110
101110101100110101110011000011011100010101110110000001100111010110011001
111000010010011000111000001011100001010011110011010110011110110111000001
011010111110010101110110010000000101101110111101111110111101001010100011
011101111010001101101000011000001100011110111101011001000110011101100101
110000110010110011010100001011100111000011000001010001111010110101000001
101010111011100000011011010000111010011110101101101000001001011100101000
110000100001001000111001100000111111011010100101110000010011000100001000
000010100100001000101011001101101000000011011100010110010100000000000110
011111111000000010010010001110111000001101101100000001101010001110010100
110010110110000000000001000010000011000011010010001101001100101100000001
000000010100000110010100110110010010001011000011010001010001001010110000
000011111001101111010101010010011010011111000111110110011011100000001110
100111000011110000110010011100110100000010001001000001100011000111111110
110101001111001100000011100101111001111000100010011000111101000101010010
000100101001111001101101000001011101111001010110001011101000111101010010
111000010110000000001111010010111010111110110111011100101111100101110011
001000100010001000110100010011011101111101001101111101101110010000111111
010100110000111010111111110001000010001001101000011101010000000001100010
000101100011110110110100111110110000110101010111101001010101111111101101
000011010110011011100000010110011000001010010111001011011100101001101000
101110011100101011011111100010101010110000010110011110001000110001010010
010101101010010100110110011000101111001100111101000011001101111001111000
001111111111111001111011100101101000110101011111001110101111000100001011
111000001100110000010001001100001101001111110111110010111001011100000110
101100010011101001100111111111101011101100011111110101011000100001011100
111001010010111011001010011100111101001000011101001010011101101011011111
110000101100101101011100001110001101100010001111100010100011101010000011
011111001100110000110111111110000111001111001001000011101110110100010101
101010110101011100001011000011101100110100011100100011111001111000111100
101011000001000100010010000110101010011001101111000000000010110011011111
101000000000000110101100100001110010010100100011001101110110101100100110
110110110000011010000110101110101010001011111010110101011110100101100111
000101110110011100111101100111011011101100101001110011101110011110101011
001101011010110001010001011110010000100011000011110110000111101101010001
101010100101101101111011110110001000010000001111000101000111100000000110
110000110001111000110100001010011111110111000100001011110011000110001110
000011011100110111011100100010010011111011100111010000010110111101010101
011000100100110001011101000100001011000000111111010110011101111110011001
110000001000100010111000100010101101101111100101010110001000010110001110
110100001100101001001010110000011001010100110000000111100100100000001011
001011011000110100100100000101100001100000111101001010110111101100010011
000101001000010011101111110111010100000100100111001110001000001011011000
000011100011000100100000101100110111111111001011010110111001010000011100
010110101110101001010011010111010011001110000111110111001110011000100101
100011100101001111110110111001111110001011001111010100111011110000110010
110011110000000101000001010111101110001100100110110101000010000111100010
001000110100010110110100110101101011100111100111101011001011111010000010
100101111010111010101111111011011001111010010111010101010011110011000100
111100101101001000110001100110101000110000001101111111101100110100111111
011101001110001111110000011001100111001110001110011011110011111001101000
000110011110101111000000110010000111110010000111000000010111111001110011
011011011001000011010111000100001010110010110100001010100011011110001000
010000000111101000100001100000100100111100000001011011001011001010101011
011011100100000001111110100001101110000111101100111000111111110001001111
001101110011100000111111011001101001110100010110101000100000111111000100
101110001101011000011101011101110101100000100100101000101111010000011001
011001011001010101010010010110001100011011111101100100001001001101100101
000110100100101101001111010100000100110000000110010000101111001011000101
111000011111101001101000010001110010001110001001111011010000110101001100
000100011111010100110110110000101111011100010100111110101000010110111000
