32 800 1
11010111101000011101011011101010
11100011101100011101011000010100
01000101110110001010110110100100
00101110011001011010111000001000
01010011101111101000001001000000
00000110001100011001011101101111
11000100010000110101010101110011
11100100100100011000101110011100
00011110101001111110101010101100
11110011011000001100000101111110
00101101010000011101100101011011
01010010110111100101100100010001
10010110011100001011010001101010
00111010101011001010100110000100
11111010100001011010000100101101
00010111101110100000001000001111
11010111101000000101111010001110
01101010101101010000010110001101
10100001111111011011011111000011
00111000111000000110100010100011
11001000011011000001000001011100
00010000011101101000000110001010
01100110001011111111110010000100
10111010000111000101001110011000
01101001100001100101110010011011
11101110011000011000001111001010
11000110000101011011001111101100
00101010011001101011101000111101
01011111001110100001110111010000
10001110001100010001100011101001
00100100111011111110011100100011
00101101001110011111101110110001
