32 34 1
10111000000011000000001010101110
11001010110001011011010111000101
00001100000110000100000110101010
01010011010010011000001001011111
11111000000100101101111101011010
10110010010111100101010110000100
11101000101010111101000111110110
10000001110011000000100011101100
10000111010000000011111001010011
00111101001100110001100010111101
10001111110010110110110011100001
00111101011110011111011011011011
10001011100001000111101011100011
11100101100010001110100110110101
00001000000000011101100001010001
00110101101111100111111011110100
00001011000111010100100011110000
00110000110000011010010000100110
10110001100100010101001000100001
00100101100101000011101110010000
01100111100111111100100000110011
10101110101011100011010011111101
10111010010101001111010111000110
10101001101111110100001101000101
01110101111100001000111111111011
10010011000000101100111010100010
11111001010111100101011101101000
10110001100011100110110101110001
01001110111100101010111101101101
00101101010111111011110001010001
11100111110001100111011010110101
01011100100110111011001100011101
