32 32 2
00100100010101100001001111011101
11000001100101000000111001110010
11001011010010111110010000010111
01111001010111000100010110011101
00110100001011011111000100001011
00010110110101010010011001011010
01100010111001101001010000100001
01101001011010101101101100111101
01100010100001111100111101010001
01101001001000011010000010101111
00100110100110001111011110101011
00101001110011000110000001010010
00101110010000010010010111011111
00110010010011111101000111000000
01100010110100011011111001111110
01001101110110101010100001110011
10111000100001011110000011100111
10000011011101011011001110111010
11110010101100010100111111011110
10010111110110010011100111010111
01000000101010110000011001100000
00100101101000100001111100110110
00101101111101001010001000110110
10010001011001011011000111010110
01100110000110010001000100001101
11110111110110000011110111100001
11000110011011001110011101111100
11010111001011010110011100010011
10001010000010111011100100001010
00010110110011100001001111101101
11110010000110010011000111110001
11010010001101101010011111011110
