64 9 3
1011101000000111001010101000101100000100001010110110100100100011
1111110111101011101100010111100011000011101010100110111100000000
1001000101111101010111010110100101011101001011110101101110110001
1000101000011100101010101011010100111111111111100001111011100010
0101011110001101000110101001000110011100110100000111100010110101
1101011000100111000110101111001011110010001100000001111001111010
0010011110010000000111100111101101000111111111101110110101111011
1101011110001100100011110000111001001110110011001000111001011111
1100010110101100000111111100101011001010010000000101011111101101
0011001011001101001000011111010111011011101111010110111110011000
1110101000110000100111001000000111101110101100100111010110110100
0100010001101101011101011001101000001001100110010100010110101001
0010001001110100110100111010001100110010001010001001110011011100
1110000000010001000110101111001010010010011011101110110100010111
1111101000010011110100000010100011111011011010011001000101110111
0000011010101110110110011001111011011100010100111101110111000100
1010010000100010001111000101011110110110001010010101111100001100
0100110101110000100011011000001011000010011011000011011111011110
0110001010000010101110001000111110010110110111101110101101100011
0101011001101100001100001001001111001101011100000100100001111000
0001100100100110010110101010111111000010000011010000110001110001
1011001110101000000100001111110011011100101101101101101010101100
0001000101000111011110101000101111111100010001110001101001000111
0000100110100110110011001101010100110110100111010010100010111101
1110000000101111101101111111010011011010010101001010101110000001
0001001011110110100111000000001001001100110111100111111110100001
1011001111001011100001111010001000100010000101010000111101101001
0101011011111111111000101010010110011111000111000101001100010001
0001110111100101100101010000001001010001111011101110011001001111
0100101100111011101110011000011001111001110011101001000100101011
1011010111000110011011010101011110011110011000001110111101000101
1011101110010001011101000011010111011000000110011001101100001101
0000000110000011010110110100001101111100000001010001011111111001
1100101101111101001000111000011100010101000110110000011100101001
0011110110110000001000100001001100011011000000001101011011010100
1000011011010111010001110100011111100101010001100110001111110000
1101000110111101011110000110010100111100010100111000100111110010
0011110110110001001101000010000000001010000000111001111111111110
1101111101100011000110001110100000110110000010110011011110100000
0000110111001101110101011011000000111100001101010010110011011001
0101011110011111100110111101100111000011011000100111100101011011
1111101010000100111010111110001110110010010000011100110011111000
1111101111101110111011100011011111101001011110000101011010101010
1011110101011011100111111011101010101110011001111010101110001100
0001111001000101111111001000110110101000100100011001101000101110
0001111010010010011100000101001000011100100001010100101011101100
1010010110101110010001011110000100101001011010011011011110110011
0011010111101111110101010010001001110001111101010010010011011011
1101101010111111000010011000001110100000001010110110111001001000
0100110110100101011010011111111100111010000010100001000011101011
0111101100100100101001001100101010100111101111011111111000010111
0110001100001010000111111101000011111000100011111100011001101010
1011011101010101001010011011001101010100001011111000001001101000
1010010000111011111111100001101010010110101010101111011011100111
1101011101011111000011010010101001001101000011101101010011100000
0001000000001100001011101001011011110100100000101010001101000110
0010011101000101111110010000110010011111111100011111010000011111
1000110001101101110100101100011110011010110100011000010110010111
1101101011110111111010100110100010100011001000111110110100010000
0101010001001111011100100100100111010110010010111011001011101111
0001101110100001110111001100011110000101110100011000000110101111
1111010010110001001011101101010101011010101101111010011101001011
0101111000001110111100101100010000110000000110101001011001000000
1111111111001010011100101111011111000100000001010000011000101110
