256 12 4
0010000110000100101011110101011010010000100110000101010010111010011001010001000010110011000001000010111100100110101101011010110011011001011000001011100001001100001100001010010111101110110000010001011110110111100011000001010110011100000011101110011101000011
0100110110101010001010111100111010001010100001101011000100110111111000010010001100000100110101011111110101000110101111000001100000111111111101111000100000101101100111000010111010010011101011111101101101010111110001111011100110000101000010011011000101011001
0011010010110100111110111101010011111100011001010011000111010001011111110110001100000110001001101010111100100110100010010110101010001101110001001100101110101000100010010010110100110100100001011101100101010001100111101011111001101111010101011000100001011111
0111010100001010000001000011101110001010110010110110000101001111001100111000011001011001101001101011011111110110011111000000100001110001100111010101101100110110011110010101000100010001010000001010001010110100111111010110111010010011001011100001000011101000
0101110101111001101101101000010100010000011101011100110000001011110100100010011111100100001100110100010001000111011001101000011000001001101011110100011011010100101111000001101111110011110110001110000001011100011001110111010101101111010100100100011000001011
1001010001001101001011111101110000101001101001001110000010101101001100110010011110010011001101101011000110111000000001100000010111100111100110111101110100101110000001110101000110000010000111000000001010110101010011000011111100100101111101000000000001101111
1111010101001011111101101000101010111001101000010100110001011100111011111011111111101101000110100001110010001110000100000101111101110100100110110010011101000010100000010001000101101011101001011011011001101011110011011111011000100010000100101100001000100000
1001011001001100011010011001001101011111111000101010010110000111100011101011000101000000000001111111101000110100001101101111000001111010101101000110001110100100111010001101101111111001011111100101110000110101000100010101011001000001000011111101110100010110
1101110111100011110101011101010110101100010001111001110000000001011001011111010111100100000000111010011100011000110111111010001000001110111101111010101000010110111100110000101000011111100111010100110110100110111011001000001011100101110001000001100010010011
1010111111110111100000010100101001000011101010110111000011101001111010100000111110010111001110001000000101110011010100000011000100100111000101011101100101101111100001100110101011100110101010011011101111001100100111100011110011101001101010000011010011100001
1111010111011011111101110000001000100111010000111001110110101001111100000100101001100111011111000110101111101000110101100010010000100011111111110100011100100100110110011100011000101011001000111111110010111001011011111101111000101100110000101100001111100001
0011110110110111001000110010011010010001010001101001000001111010111111011011100100010111000111001110110011100110001011111110110001010011010001001010100001110110110101100101001000011001110101010010100010111011101001100110010011111110001101011111001011110100
0111001000101000110001010111011000100010100000100100001100001111100111101100010000010100001110100111001110111110111011011100110001101100110011001100011101101101010100011000101001000101111011110111110110101011011011101000111010101110011110011100110000010111
0011010001111110011101100100111100001001111000101001110110101011111001010100111011100101111100010010111001010111010100001011010010011010111011110100110111011100101000000001110111100011100010101001111111001010100100000101111001010101101000001011001010101011
0100000101110111000000110001111101100100111110011011001011000110000000110001100001110011111100110010001011101100111100010110101101011110110000010100001010001001100010101111011011010111010110000111100011110011010011111100101110100101001000000001000110110000
0100010011111101100100000011011111110101011001111010010111000111001101000100001000000011111100111001101100100000100100011010001101011001010010001011001000000100001101100101100011011111110100100001111100010001001110100110101101010000001011011100110101011111
0100100111001010111011011010100110111100000101010101001100010001010101101100001111011111110110111111000000000111100011010001111010010010011010100100101111101000001001100001011110100011101000000011101100101010000100000001011010100110101010111101111010111010
1101010101111000010101111000110000100110011011010010001111001001110111110010101000001000100000011000110011011110010110110111110011110110011000001011100111001110001010011110110100010000110001101000110001001111110110101011101100111101101010101100111110010000
0101100000000100000101011101100100010010010101101111101011000010011010001111001110100011111110111011011100000101010011000101010101000101101101100101000000101111000010110100010101001001011001101110101010001110010101100001101010111010010001001001111010110011
1000110111110101000110100010111010001000110010110001001001010111110100111110111110010010110101001011000000011010011010001011001100011011010111111010001100100011110001100100111001001101010011101101011111101001101001000000100011100111001101000000100000000000
1000111111110110100100111111111111100001111000000111100011000110100110101000010101011000100110100001010010011001101001011010001101010011110011001100001100111001100111000101001111111100101001001010000011011101100011001111011011011100001111001110011110011010
1000100101010100010001111110101001011001110000001000011100001101011111010010110010011010010100101011110011000111111110101111101100001000101110011101111000111001001101010101110000101001101001110100000010001010100010000101010000111110111100110111111001111111
1000101110010100000111101010101110100011011001101101011100110101100101011111100010101011011101011000001100011010010010101011010100100010111001000101101000100100110101010110011001011110000010000000101110001100001001001001101101111001001111100100000100010000
1111110101110010110110100110100111011001110100011011101110010000001101011001000011101011010100100010111011100001111110010000010011010111011011100011111111111110011001110111011111000110101011010011110101000110000110100000111011100110010100110101110010011110
0000110101011101100010001010001001111111010110000101110011110000110001010001111100111100010010101111010011000100111001100111100011110011110110101011001010000001110110001010001110010011011111000110100000110001010010111001111101111011000001000001010011100000
1110100110011001000101110000000011011000100000010000110110110111000001011000001101100111110100110110010000000110010000101111100101001001001011010110100000110010111011110111011000011111110111000111000011011111101010101010111000110010111001001100100101111011
0101101010101100000100000001010101011100110100101011000000101010111001000110100000010010010110101100000111111010011010011010000010001010101001000100001110011010110011000010111111110101100010101101101100110011000010111110100100010101010001100101110000000010
0111010010010110011000000100111000110111100111100100100111110011100111001001111101111101000101011000100100010100010110010001100001001110111100001010000100001001111100111011011011011001101010101111100111010011101001110111111001111100110111101000111101010010
1010001111000100100111000110110010010101011101101110010100111010000010101010100011010101100000000001111010000001101011101101111111100011111101110011100100011011101000110110001001011001011010100000100111111001100101000101111100010001110010110100001001111111
1101100010001111010101100111000110000001000111101111001010011000101101110101011100001110010110101001010001100101101000101111101011010010101011111011101010111110011100110010101110001000001111110000000101100011011111001110010110100111101100001101001010001011
1011000101001001100101101001010111111101101001110110000000111101010111001100001010101101010101000111011100100111101011010010110001100100111100000001101010001100000110100010010011011110111001011100110101001010111100110010001111001001001100101111100110010101
1010111110001100010010100110101001010100100000101100101010000001100111111111100010110010010111001001110111000011100101101010111001110101110111001101011111000110000000011001101011101010111000000010111011100101011111010111111100011110110100001001100111000010
0110110001101101100000011011010101110110000001111100101001110100110101010010101111101000111111000010111100110101011001011110010011001001010101010010110001000001001101011001100001000000110110011001100010001001011010111100010110001110110011010101110001100111
1010100011110100001010001101000001010111000011001101101001101101110100000100000110010110111001010000010100100110101110001110011110101011001110100010010001010100110011101010100101101001100000010001111000010000101001010010111111001001000100100000000011001110
1110111001101000110110100101011110100000110101110101010000100001111100111101010010011011000000111101111011011000101000000010000110100011110010000110111110010000010011110010000111110001000101110110111110110000101001110000111101110011100101101001010010001000
1111000110011010010010001110110000100111101100100111011100111010000010010100110111011001011010011000001011001100001101110010011111001100111001001100011010011010110101110010110100101010010111110000110101111101010111010000101101110100110000100101001101111001
1101100010000100100101000110111010000000000010101101000001011000000000000001110000100110110010010000000010100100111010001001000000001000110110101000010010100100010110100111111010101100010001100111000011100010000110011001110101100101010101101100100000101111
1001100000101000101001011110101011100100010110001101000101110011001010011011011100100110101100000100101100011101111010000011011100100011110000000101001000111101111110001010110100000111100010101100101110101111110101011011001111010101111000111101010011101011
0100001110110101000110111010001001001100111101010001010111010100100000110010011001100001101111101011001000101001000000010111000101111011000110110110110101001000111010011000011100110100011011010111110010000110000000001101000011111110000011010010100011101101
1000110111110000000101010111100000010011100001011101000000110010011010011011110001101001000001000110011110011110010111111111111100101011000011010001110011100111111111001000101001101000100011100010110010010110100001001000110010011011000011001100000100101100
1011010010001010110100000101100001100101100011100100001001010010111001100101011111110010011010011110100100000111110111111010001010001011011011100111101000000000000100011010110101011111000000001101100000111101111000000010011101111100111000011101100001000101
0100000011001010110110111101100111111111101000100111101011101000111011101001111100010110010110100101001101011001011100111100000011111001101001010101110100100001110010111011010000101110000001010010111010110000010011010010110001010110101101011010011010010010
0110000100111100110101110000010001101101110100111011101101111111000100111101000101110010101001001001011101001001011010000010111011010100001001100001011110101000101111001100010001100011111011110001001111111011101111000101010001001111110010100011111100101111
0110011101111010101011011110000111100010111110100011110000100110000101100110100001100000011000011001011000000101011111111001100010110110100010110001101001011010111101111010001000000100000111000110000101110110110101101100100111000010111101010001111111101011
1111100111010001100001111110101000011000110010101111000111001111011111100100010101010001100001000111001100101110111111000000100111001011001110101010000001001011101000000111010111011010110111001111111101000001001100100111110001010100001011011101101110101111
0100000111100111011010111010100110101010100001100000101000001010110011000000100101111011101001010111011010000100010101011010111101010110100110010000101100111000101000010011110110101011001111100000101110101110001100001110110111101000110001101011001111100011
1000101011011100110011110110110010000101110000000001010000111110101111000001111111010101110000010101100100011101010100011011010010000011000011100110011110101100000000110011101110111011001111010000011010000110001100000100101101111110111010011101010000010000
1010111000010001011001001101101001110000000010011111010100010101010010111110111100001010011111010001110000011100110010001010110010101001000111100011011110011011001100000000110111111010111010111101100100101011100011100001100010100111111110001010000000010011
1111010001110111101101011000001111110110101110011101000101111100011011001111110000001011110001000001101010101111011111010110000000010111011100101011100111111111110110011001010001111110001001110011010111000000010101001101001100001111011001100110010111111001
0111000011010110010001010111110101001100010101110011110101011001110000001010011010100010110010001001000011010111111110001010010010111110111100101010111010101100011111100011001010000101111011011000110111010111001011111110001101110101110100000101000110110010
1011010101011011100101111001111000001010111010100010101010101001001110101010100100010111101100000001010001011100101101111000010110010010101111100010101110111100011011011100010011010001010101100001100010001001010010111101010010011010100001100101110010011000
0011010110011101100000110101100101110101101101011111100011101100111101110000111000011010111101110010101100111011110000011101011010010000001100010010001110101001010010010101100100110101111010111110011001101011010001110110111001000111001100001101000010001001
1001110111000001111111001000000100111100100101000111111001101101110000010100010000111001110000111111111101100001010110101101110001111001000000100011000010100000100000000010000000010010000001101101100001011110111110100001111001100100001011000100110110000100
1001101011000010110000101001111010100101000001010110110011100111101110110111000010001110000011100001011100000001000111111011101111110000000110011010100101000111100101011000100011001010010011100110011001010011111101100101011001110010011000110000110000111111
0000111110111001011001011100011000111000011110011111010110110100111011110011010110111110000010001110001000110101110111110111110001001001010001100011100101110100000100011110010011001001011001101110011100101110011011110000110101100001011010011111010010011000
1100101100111000101010000110110100111011000100000101100011011001011110010011111101101101000100101000001010101010100110000010000100101010100011000011011011011100110001010011001001110110001110101011110100000000111101101100110011011001011011100011111001011110
0111000011100001010001001110010000000011001001100101111001000000001010110010110001110010110100001110101110101100011001010010111000010101110100110010101000011111110000101110001000000101000100111110010101101001101101000110101001000010111011000100100111100010
1101010101000000100010100010100010011010110110001010100111101101100001010011110011001010000111001110011100011011111111111011111000010000001010101010110111000101010010010111100011000011111010111110111101111110011100010011000111100000111100101011101100001010
1011011000100001101000100101110011110010000010100000010100011010100101100101011001100110001100000010110100001111000011011110110111100101101100000010011110101100111111001011000101100001110010101010101000000011101111101100110011101011010111000111101011001010
1011000010100100111000011000011110010111111101110010010010011110111100001110011111100100101000010110010110111100000010011011000011111110101010110101000100010011001100110000011001000010011001001111101101110110011000100010110101011101000010111001010011010000
1010010010100000001011100110010101001000011111111000010000101101101000001111000110111010000100110010011010111110001100101001010111100001111000000101111011100110000110001101100010101011001000000011001111111110101000100010011100000000111100110010011110101011
1101101110010100011000100101111001001110011001100011001011110010110011010111001100001100001001000101010100010101001110110110010001010000001111011100101110010010111101001111110011101000101100100110010010101100011101111001111101110111101110101011110010000110
0011000100000001011001000000000000100001001001110011011001001000000100001101010001101001001101111001001111111111111011111011100100010001110010101000110011001010101101111100110000111100000100110010001111111111100010010011000011011001110001110011011110000001
0101100010110000011100000001000011001011100101110001101101001111011110000111000010100010100111010100010000100101101101101010111001000010000101011011101000001100000101110000101000111111111101111100111111101000101011100111000000011101011110100101001011111111
1101000011011111000000111000000110001000001101101111100000100100100010111001111010100111001011000011100000100001101110010001100111001001111110000101001001001010100000111101101101000100000000010110110100011101101101100000010001010000101001110000110111010010
1010000100101011011010101101111110100111111111000001010110001111101000111001111011110101100111000100111100011110011001001010110101110100100011010101001100111111000111101101100110010100110011111001101010100000001100111100010010100010000100111001010010010011
1001111110000111010001011111101011000111101010111000101010011110010011101101100100111010111001000001100110000010101011000001101100110101101011001000100100010010000010101000110110100011000101101100011111110101111111001111001001000111100110100011101010111011
1011101001010110101101111110101100000100101110111001111100100111111011000011000100100010000011111010010011101011001000101110101010010011101001111110100001110011110111001000111000001101010001110101001001010101101011101101000010100001100010101010100001101110
1000101001010101111110111100010011001110011011100110111001000000100111101000000010001001101000000010000100100111111011111110110111111101010011000110101010001000110010010011111110101000011111010011010010101100110001100001100100101111101111111011101101011111
1000111111010101110000101001110010001011110110101111100100011010100000111100111110000011010100110010011101001110110100001101110110111011111000010100110000010001011110101011110100111101000000111000011100011000111001001000101001111001010110101111010010000111
0001000010110111001011011010101001101001000111010111000000000101011110000011010011111010010000101101101110011010100101101111100010100011010011010000011100010010010110001101000010111001000011010100110000100111100000101100111100111111111000100000000111100100
1110101010001001000000001101001100111010100000101101001100100000111001011111101001000110100010000000101010110010110110100001011011000101110010001100111111100001011001100001000110001101011111010011111011111101101111000110011111010111000100011000100011001110
0110001011110001011110111110101110011110101101000100111110100011110011001110010100100011001010100101001110111001011010111010100110010111100001110110111011001011010001110010111101110101000111011101011010101001111101101100000110101001011001111011100110110110
1001000001001010001001111010000100000000010110110011000111111101111010011100111101001110011000101100100010000100000011000001011101111111011011010011101001101011101000100101000000010110100001111001111101011011011010001001111101010001100101011110000100001111
0101100100011000010010100100111100000011010010011111101001010100110011100100101011111011110101000001011001010011110011010001101111110010001000111011110000111010101100100000001001110110100001011101010010100000110001010000100000000001011101110110100100100100
0000011101000101111011101000000011010100001101010110100000000101001001000110011110100100111101100000100100101010000011100000110110100000011100001010101101110111101001001101001100100010110101001000100000100111101010001000100100100100000011100001111011010000
0101011010101001110000011101100010101000010001110010011100100100110110100000111110111010000110101110110110100011001000010001011101110011001010010110111111010100000001101010010001111000000010100100001100011011100010110111101010010110111011101110101111101001
0100011000011001111111000101010001100001010010101010100111110100010111010011101011101100010000011100001001111000111001110110101011011110001001000101010001111010011110110111001111001001111100100111110000100011111010011101111101000100110110001011010100111010
1101001110000101110100000100010100110001011001011001100100101111100111010100101001111111101001011010110110100000110111001011111010111100100100100111011010101011000010000111101100001001001000110111111000101011001100000000011100000000010110010000010011010001
0110111101111101101110101001000011100000111101000011010110010110000100101110010011010001010000000111111100101111010111010110100110001111101110001010111101111010010110000110010101010111000101101010010010011001101000100101111011010001000011101001010110001101
0001000111100001111101011010011010100011101100011111011100000101101000110101100001101001101111011011000110001001001101011101010011111001001110010000100110011010110010111110111111111100001101010011010101111000111011011001100100011001000100101100011010100011
0101100100010011110101111110101111011000011010101110111001011101000000001100110010001001110000110110010100011010000101010010011000001001000000010100011010001000010010100001000010011111101101100100000000100100001111001111101100100100100010010111011111001011
0110000000010010101010101001000010010010011010010110100101001000001001000000001110110101001100110111001000000110101001101001010100000110110010000100011101000111111110100101101010011101010101011100010001101001000001100110111011010010100100011011101101110011
1101110110001010001000101110101110011001101000000100101110101010001001111011010000000111000101111110001001100101001000000010101110100000110010111011011010010000010110111010001101000100101001010001010111001111001111110010111111011100000000100111000001110001
0101011010010000111100001100101110011000000000011111110100110010011111010010010111100110101110110111011010110101011001011110000011100001110100000100000001001001111101011001100110101101001011100000101011001011001101001100011111111110010011100010100011100010
1010101001011111111011000101111000110010110001110011000010110010001101100101100100100111100110110101001011101000010001110011000011111000011111110010111110011110010110111011100100101110101010111101110001110010000110110011000010101111101100100010001000111110
1010100001111111111110101010100001011000111000011101011110100100111011011111011111011100111101110100001100100011100010111001101011011111101101011000011110100001100011011101011111000111101100010100001011100010110111000000000010000101111101110111110110110100
1001001110011010101011111100000010110001101000000001100111111110111111000110110111111100011001010001100101010010101011000000101101001011111000010101001001010100010110111011011001101100001010111100111110011111011001001110101010111001100000001101101000110000
0110111011111100001111011100100011010111001011001010111000000000101110111010100000111010000100100011000100010000011010000011001000101101101101110011111110010110001111011101000001010111010011111001100000100011110001101010101101011011000101000000011110110000
1010000000111111011000100010010111111110111000101101111010011100001011010110111001111110100110110110011000011111111000010001101110110010110011000100100010100011110111101110110100010011011111000111010101110110111011110101010001100101010011000001101111010010
0010011000111100101000110000011000101001011011001110001000011111101010011110011110110111110011000111110100101010011100010011111110001111111011100010111110000101001111100011101100111000101101001111001010000101010101011101001111001000001101000010111101001001
1010011100001001010011111100101000110000000100001000010110100110101101101111110100100111101110010100100011011001011010100100101011001111010110011100111001001100001010101110101011111011111001000101111001011000111010001101100100010000100000001000000000110100
0000000100110011011001001010110110100011010111010010100101110110000001110101000100100010101010011001110010111001001000010110011111011110101000000100001001000010111000000001001000000100010111101011011010110110110111010001011110010001011000110111010011110100
1111111110110010001010101001101111000111111010010001011111010001100101110010001001100010011011101101111110110110000101101000101011000101110001011101010110000100000010110110011101010001101110110010001010111000011011000101111010001100110000001101101101011110
0101011101000001010110011010001001100001001000101010010101001101010110010110111010110100000110101110110101100001110101101101111000011001011000011000110100011111110000100100101011000110111100011111111100110011100111101011001010101101110100110111001111111010
0100001100000110001110001110110001001111111111111000110000101101001010111100000100011000010100010111100111111111011111100110101110111100010111110001101111111100111011111110001001111101010100100101010101101001000110010000110101010001001100100101000010001110
0110111111101001100110100001111100110111001100010011001001110100100111111001000101000000110000000011100010110000110110000000010110010111111011000101100100001011000111000101110100110110110110000011111010101111100111110000000001110011011101001111010110110110
0010010101000100001011101011101100001011100010010111011110010100101100000001100110111000101110000111101001111010001101111110110100010110010111111001111000011111110110111110001111100011010101011000001110101010100001101111111001001101011100111111100001111011
0111010011110001000100100011100111001100001001101010000010100110110000010111011011011000010111101101100010111010111101101010100010010011000100101111000101100101100111011110100011001010110100101110101010001000100100101111101001011010000100001011001111101011
1100100000101100011011000111101111111011000100100101000011111000011110101111111101100101010100100111101011110000010000101011011001011101010000000000011010101101001101000010110100100001101010010100011010101111010010100111110101000101110011010010000111000100
0000111001011001011100011000100101110110010100100010011001011011100111001011001011010010110101011111011110011000101101000010110001110001110010001111011110100110001010101000000111101010101100100111101001011001111000110000011000010111110010110010001101100011
0101000110010100010001100111100010110110111101000010001010110111000011000111011100101000001010110001101001100010110011001000000100010010101110001001101001111101101100011110110110010111000010100001100011000010011000111110101011101100100100101000101010010111
0011111010010111001100110101110110111011010010010100011000111011000101011110111111110010010011111101010100111000111111000001110000101001010100011111011011100100010110110110011100011110010000000101111100101101100100101011010000001111110000110000001100001010
0101011101101001000001101010000110010100011111101100000101101010001011100010100010010100001000000010100001010011001111111011100101111111110111001110100011001011111000110101011000011000000101110011000011010110000100100100011110010001100110010000011001010101
1001000000100110101110101111010110011011111101001110110001110101111010001100000111000001010000011101101111101110010100001001001011111000010100001011111010000100011111110010010110101011011101100011101100101100111110001111001000110001011101000110110001101001
0100001011010011101011010111110110110111010010100000101111000011010000101001001000000010100100111111111111011110100001011000011110001110111011001001000110110011111011100001110010111110001010100001111001110100011110111010100100000100011111111000111010000010
0100000100011100100011001011000100101011010100000001011110101111101001100101101101000000010101011000110110000101101101110100010010001010101111001000111011010011011001011100011011000101011110000000101001000101000110001111011011001101010100011000100001101000
1011110100011100100001100001100001110011010100100000111101110110010011110111101101011111000011110111011000100011010101011010101011110000010100001010011110001100000000111101101100101000001111001000011111101011100000110001101100101000111010101111100101111000
0100100011010011100101000101001000010100001000101011110110010010000010010101011110001010001101101100111001101010001100010100010111100100011110010111110000011100001011011110010001110110101110110011010111110110010001101010001010110001110011010001011110000101
0000001101110001000011011011111111110010101001110111010111011100100101101000111100100111110011001011101101110010000011001000110011011101110111011001001100101100001101010001001111011001011100100110011110010111010110111001001110111101110101111100010100100011
1110011100011100101101001100001110110100101001110000100000000011000010101011000000010010000101000111100001101101100001011101000011011011110000101101000010101100001101110110100010001000110011011010101111101011011111000001111110100011101100011101001010001110
1001110011100111010000110111011111000011101100100110101110011101001000011111001010010101110100010110010111011110011000011001100100001010111000001011011111000100100001110010111010011100011001011011100111000100101010001101010111010001101011000101111000111100
1111100101100100010001001010101010100111001111100100101000100001000111000111001101110010100101111100000011010100101100111011100010010101001011001110011110000101101011101000011100101110100010101000100001100000011000000101110000110101011011111011001111001011
1001100010001100110011101110001101010111100010111111001110110000010001111111100111001110010010111111010000100110010101100110001111110110100011010001101010010111001010111110110110000000001100000110001110101100000001011001000101101010001101101100011011111101
0111100111010111111100111111010110000001100101111001101010111000011011011001010101011110111110111010111100001111010110101010011110010100100111010101110001000100101111111101000111000000001011011100001011100111010100101000111000110011001010100110000110101110
1011000000010010100110001000110011101101111010001100100000110111101000011110100010001011101110001011010100110101001110000110010111010000010010110101101000000011011011101100101111101001101110011111101011001100011111100011100011100001000110011110001000110100
1101010010110101010111101110010110011111100000100111011001000001000011110110100100101001101001110011100111100000010111011110101100000111011011010100001110100011001010111100001111111011001011111000111001110001011110010011111011000111100100001100101000111011
1110101001111110110001001001010011000100011101110100001101010011011001000011100110011101010011010110100101011100101010011000000011101101100011111011010100000000110110001100011101000100100001010001111000001011100110000000101010101101101000010011010010011110
1000101000111101111101101110000000000001010100110000110001111110010010100110000000010100011000000011001001101100101111000101001000101111001111101101001111011111011100000111010100000111011110011001001111010000010000011100111111011000111110101101100111110101
0000010100010111100001100110011011000110100111001010100111110001001011101110011000010010101111010011100011001101100001010101100101010011001111011011010000111101011010010100101010011011101011110000101110100011010111101000100000010111100011110011100100110111
1101111001010000011111010010101100011111000001000010101100011101110101011111001001011011010101000010011101101011110011100011101100101100010111011010010010100010001011010001000110111010010011001101000001001010011111110111011011111100000000011000101110001000
1101001101101110100001111011011101011101110001101101101000100110001011100111101011001111101111001100111110000101100011011101001101010101111100010000101111000110011001010101110010010100000011011111111111000100101011001000111000010111011100100000100000011100
1011100100000100100000001000100100010100111101100000011111011001000110101010010010011111010110000010100010011010111010111111111000010011000101111100111110000100101110110111100010010101001010000111101000110110011001101000000111010110101010011111000110111100
0110000001001010110110000101000011100100100000111100101111111111001001111111100010100001110001100010101010111110101101010000010001011101110011100000100110111111111001110101110110100111100111000110000100011000010111001110001110100110111001001010100010110001
0010101100100001001001011101111110001111111111011111100011010101101011110001010100110101000011101111000010111100111111111100011000100101110111100001011101010111101110101110001111010100001110000101110101110001100100001110011011000010111111010000100000001100
0010001010110000000110110010110001000101000000001000011110111111110110010110111011010100111110001010111100001100010000000111111100111100100110111100000001110000001110100110011101100100011110110111101101100110011001011000010001111011101111000100011111011011
1010000001100100001110000011000101011010100000000110000000110101100001001001000101101100111001110100000110111101011011000100010000100101011101001100000011000001011111010100101011010011111000101010001011101000101110100000010000000001110110111100110101100000
0100111001100111011111110011001010001001101110010101110101001010010111011000011001111111111010110101010111110000010111000100011010111010101111111100000110110011010111100111000100100111001010111110100111000010010000100001111010100110110111110111101010101000
0101111001110001110101111011111110001100011110001011100111001110100110101010010010100011111011001010000111110011010011001110010100000001011010011000101010001111110100101001000000000100110101011001011011100100000001010000011111001100010000101111010001000111
1110010001111010101000001101010100101000111010111011011101010100100000010111000111011111010001011001000001000011010101001101001101001011111110011101011101101011110011000101001111100010000101110101000010110010000001100100110100100101111100100100111111100110
1001101010010110100011100000000100100000001001011010001001101100010010011011110011011101110000001010111010101100010100011001000111100000010101000010010100000001111001000000100101001011011001011111111101011011011110010110111011100010010101100011110101111010
1000110110011111000110010111101111100111010111111100000011101010100101101110101001101100010110000010000100110010100010011010010110110000011011101101000111010000001100101101011110010101001111111001001010111000011100000111101011011110101110111101111101111000
1001111101011100011100101001001101011001100000001101110110010100111010100100101111000011010010001000010000110001110111001000010010011111100001110101101000011010011100001001111111100000001100100010110010110001011001001001011000111110001010111011110010101001
0101111101111000010100100001001001111001110010111101111111010110101001100101110000111100011000010110000011100101100011010100100101000011100000110101001001111111010011011011001111001101011000111110011010100010110110010110111001110010100111100111001010011010
1011101001110101010011010101111000110111000110000001010000110110101010100110010010111011010001010111101000001001010010101001110100100000100000100001001100011011001101111001010010010100100011011101101001000010011100100101001101111011110111100110100101101001
1101100010111111000100001111110101011010101010010001011000101111010111000111011011110111101100001100001010011100011101001111110000010111111001010001101010001000001000110000101001111000000100101001110100111111001001001101111001110000010101110010111001100000
1011010010011101110011010110101000100101100111000001101110000100100111011101001010000100100011001100001111010001001011001100011101101111000000100101010000001111001011101101001011010010000011100101011100000111010110110011111101100011011000101010010011100100
0101110001000011000010001110010101010011101100101100101010001111010010100100110000110011001110011010011001010000011010010101000100011111000000011110111011111000001110010011110001101000011111110001101110000000010100100011111111100001001011111101011010101001
0110111100011100001010001000001011000100101111111100100001111011101011011000110100100001110001111111000000011000000100010010111101001001010111101111010011000110011111010110000101000001101011000110101110111101001001111110000010000001010110010100011101001010
0110111001111011111001110111001000111010011110101000101110011001010010011110000101101010100000101100100001001111011111101101111010100110010100001010111001101000010101101011000101110011001101111101110011111101100101001110101001110110101000010000011100111011
1100010111011001010001001100011101110100101000011011111011111001000011001010011110000101110000100000110011010101001010101101101000011010001011011110101111011011010110110001101010011100101000001011000000010110101011101010110010100001000110110011100011000101
1011000001101011000110001001101000000011101010110011011011110010111100010101111010101100011001110000010000001101111001010010101100001011011101011111010110100101101000101111000111101110101011101001101010010010000111111011101000110001100101101111010011111011
0110111010011101110100101010101110011110110110001010010111101001100011111100100001000010100100010000111001011011001000000110110010001111010101001100110101110111111000100110110000011001101110010010011000010000100010000100101100011110101101010001001111100000
0010110011011011010011101001001101110101000101000001001100010101010000100000100011111101100110001101100000010111010100010100110100010010000111010100101010011001000110110101110100010110111011101010000000111101101100110001111110111111000110101001010000010101
0011100110100011010001101101001000100111100001100010101011011100110111100100001000010111010000010011101110010110111110010010110111011100101110101010110101111100001110110000000000011001000110100110111111101000001110110101011001010111101001000001010000101110
0110101011010100101111111001111100111110001011101010000100001111011100100001011100000011001110011101011000001111011011111000110000000110110101001010100010001000100101110101011110001000000010001011000011110111111011011010110001101100000011100011110100111011
1011101001010010001000100011001000110010001001101001011000000100110001001001110000000110010001110110000001110110011010011011100010000100011010110011010111010011011001001110001000101110011010000100111000000100110001010011011010101001000010000000101101010011
0011010010001001001111010100100101011010101001110001110101011001100000110010101110001101000100010100110111100101101011111101111101110101111101010111101011000110011001111001001000111010011000101000011100000100011101100001111000001011011011111001111001111011
0010001011000111010111111000111110110111000011011010001111100010011001101100100011011100010010011011101001010011110100101000011110000100001010101111111010011100100010010001010011100111110010000001011011010011110001110011010110011110010111010010101000111100
0011010000101010000000010100100100001011001000010011010100110100111010000101000001110100110100001101101101001001100110011000000010101001101011101001000000001000011111001100101001101101001100111001111100110000110011111100111001110101100100100101000010001101
0011110010101001100000010011101100011011101001111110111111001101100111001101010100111101001101010001101011110110101111011101101101010111001000010100001100110001100110110010010000001011000000100011000001100110110011110100110110010001111100110101111111100000
0010111001001101101010101011011011100011111101011111101010011101011110011100101001111100100110001110011101110100011101001011011100101101011001000001101100001111100010101000110010100010010101010011011010011010100100001010011001100101100011001011011000000100
0100010110100101001010011011011011110110100101101000010111011100111100111011101001000000001101110000100001111011111001000110101101011011100001101001001010000100000001110010100000100000000010100100011010110111011010000100110000011011000101000100110000010010
0011010010110110100010011001001001000001101110100011010101001011111111001111011010010010110011100010000110011000001000000101000101101101100000010011001011011000110110001011110110000101100001000111110011000000000000111011101110101111011011000000101000110101
1101010001111111001100100011110110011001111000100010000111001010111011010111111011001110011110100111010100011110000011010110000011100010010101111010110011011011001000101111010011001000101110010111101011100001101010000111110000110010110110000011010011001001
0111001111101111101111000011011110010100010111001101001100000111110000000011001111001011010011101101000011111001011110111100011111110111000000101000010100001100011000100101011111010010011101000110000001100110011110111011110101101011101111100110101110001000
1101110000011111001011101101001101011101100010100101011100000100100010100101101011110101111101010011000000110111010101010100100101000000101111110100001001110100001011001010100100101011100110010101001001011001110011111100101111100000100110000001110001011001
1111010110000100100110111001010101100101100110011000010010111110000010101110011111101100010101101000010111011100110010011001101001001000001111100001010011111111001101101011111010111010111001101001010101010011011110101101010110011011011010011100100110011001
0000111110101100001001110101000011000011000100000101010011011010100001100100100011110101000000000100010010000101011011011011001011011100100011110001101000010111101011001001100000100001100101111010111011111010000110001011100101110001010111100111011110001011
1111110101100000011000111110111000111110000100101101110001010010000001001011010100010000100001010010110010011001000000111111000001000101100000110110000111001100010100011111100010010000010100101111000111001101110111110110000100100111111000111010100101101111
1011000100100101111011110010111111011101100110001100110111100110001110100111111001010011001011011010000011100000100111011111000101101100010010101110011100010100000010001100110001000101000010100100000110010010001011111101011001001001100101101011100100001100
0101100000110111100111011011111101000100101111101110011010100010100111001100010000011011001001111110010100111010011110000000111010011010101000001101101101111110111100111011000110010101100010001111000100000001000101011010010000100011001001110000101000011011
0001010011001011011110110101110000100111011110011100110100000100110101101000100000110110110100101011100010100100110101000011111010001010000010100100000000111000100001001000011001101111101011001101001001001111000111111010100010110010101010000011100000110111
0000001000010010011110000110011011101001001010011111111100101011001101101000000011110000000001101001111011111111000000010011001101110011001110011011110101001011100010110000111011100000100100000101110101110111000000100111111001110010101110011001011100000100
0100111010111000001111001001100110111010111010010100000000110101100000111010011110110111110101001101111000000111100010101111001110101001000011110011000111001010000100110110011010010001101101101000011100101010011011100110011111110000110011110011010001000111
0110110011100001010000000100000111100011100100001110110101011000110111101101100011010101000100111111101011000001110101001010001010100011011010101011101000010011000101000001001100010111100101001011100100000110011001111101001111101101101000001001100010100011
1000101100100101110010000101000100000111001010011010100111011111111000100010011110100000101010111110100001010100100000011110001110110011110000010010111010011000001100011011011100110111110010100010110011011101100111000010100101010001100011101100000111101110
0110111111100111011110001101001010010101010101010001000110010110011001100111000000000011000111110010110100010010010011101111000000011101110110101101001010100100111001010000010000100000010010001111010110101101110010010011011000101011001011110111010011110010
1100101100101111000010001111011100110100100111011100100100001011000010010101001011011101101000101100111001100001110100011011000110001101100100001111110011001010011011101110010101100100100001111010100101100111001001010010001100101111001010111011000001000010
0001110111000111010010011001010100010111010001100101101111010000110101000010001001010101010011100110000001000110111100001000111100100001111100111101101010001100010011110100100110001000000100100001100111101110000100100110010011101010100000000010000011110111
0111101010010010000000011110101111101000001000000000010001011111001000010011001100111111011000110010011111001111100001000101110101100110010111001111010100010000110100101110001010111101000000011010000000000101100011111110111100101101111100000101001110110100
1100011001101001110111000010110000111011100000111000111110100100011100111101111111110001101110111111101011000110011111001011010101111000101110111001011111010100011011001100010100001010101110111011001111011011011010000011001110010000101000110011110111110011
0101101110111101110010000100111101001110000110010011111101110011111010110100101100010000110011100011000010000101000001000000110011111010001111011010100000001000011110000110011111111111111011011110010001000010111000101100010101000010010011000101101011110111
0110100100011000001100011110001010001001000100101001001010010111111011111000000100110011010001110001010111101011000101000100010100001111011110011101010100100110100111010101101011000010001000010001000010011110010111100000111110110100001110110001101100111110
1001101100011001010110110011101001011111010111010011000001101101001000101011110111001000000110111011011110001110010011011010001101000111101010111110010111101111001010110011001100100101011101001100011011011101100110101010100011110000101110000001011011011010
1000100001111011011100101110101111101101000001101011101010111000110000100100001100111000111011000000011101101000111011000001101001010100111001010011110010111111010110100000111110101101100011010001101100101010000111011010111000110100110010010000111010010010
0010110001011001101010111101111110111011100000110100111001100011010110000000010100101001101101010101111111100111101001011100001011100010110001101001100100100010100010001001111010110100111110100001000100010011000010101000011011010000010011010011100000101011
1101110100011001011101001110101010001011010110101011110001011000000101001010000100111110001101101111011111011000011001001111101010001110011001001101000101010111111011010110111011110110111110000011110110001100010011000111010011100101101111111100000101000000
1100001001110011011011110011011001010110000101000011101000110010111100010001101100001101010011000001000100010101001101000101001101011001000010111001111101001010111111011100110000111011110111111000100010011011111010011001110010100100101010001101100000101100
1100000101011011100000010011111111111111011110000001000001100011101010011100110010100101001000000101100010011011001011111010010000111110011110010101110000001010101001000010001111001111111000011011111110100110010101011001000101010110000011000111000100001001
1010000000001101010011011000100001001001011101101100000010000000111011000110100001001000010011110011111011001101000110011001110111101000110100000011111001110111101000001011011000010110011000110011011110011101000010011111001000110001011001101000001100000100
0010001110111000000011111011110111101110100100110011110111001000010101001010001000001010011101100011111110110001001000001111011111000110101101011110110110011000100110100101000001010001011111100011010000100100000110011110100100001011001100100111001110000011
0011000110010110110111001011100100110101100110001010100001110010001011011001001101111011111110010111110001101100011111010101100101111111011001001110011010100100111001110010010101110111110100011111000011010001110001110111110000010011000000100100110111000110
1111111111010110110010101001110001100011011010000001111011001001101001100001101111001100001101101000110001111100000111011110000000001001110100110001101010000000000000100010001100010100100110010010110111110100110100100111111100011000010000011010000101011111
0101100110100010000110011000011001101111111010011000001111011111101001110011110011011110011100111001110100011111010101000101010110010000011000101111111111010100101101110010000110001000101011011100001100110001010110000100101011001110101101100101100110101010
0101111000000110010110000011000010000110010001000011010111001000101100101101101110111101011111100010000100010101111101000110010010000010001110011100100110111000000010110001010000010011001101001010000000011010111110101011110001101111110111100000110011101101
0111001011111011011101111110001110001100111011110111000110100011111011000001111100010100100101010011101001111001010101111101001000000100111000101011100010110001101111000100101000111110100010100011110110000110101000111110100101011010110101010100011101111100
0011101010111111111101000111011011001101100111000010110101000010110001101010111010000110001100111111011110000101110101001111100000101100100111100100000010100000011101101110000010000101111111011101011111111101001011000100101010111100010100000110010100110011
0100000010100001111001110000000110111110000001100001010010010001110011010110010010111110000000010011000011010110111101101111011010110111000110101011110001000101111000110001010111010011111100101000011111010001010010111100110010001111010001000001000011000000
0101010101100100011010001001001011000011101100101100110010100100000111001101111000011010010101101110011111100011010100001011101111110011100001110100101010101110010011011011100111011110111000101101000101011110011101010100110100001011111000001001100110101111
1110100001001110111011100001101010111111001110101000110111101000011101001010000000001110000100110100011110111111101011011000011001100011001110100001100100110010101000111000111101110100011011011110001111101011000001000000101000000111101011111111011111100010
0100110011000110001101010100110100111111111101111101001011100110000101011001100010010111001000001011000100010111110000100100110010110100011000010010011101110000011010011111110100001111010110110011010101011111111001100111000011110110011100011011100101000001
1101011010011010000110011011010101000101001110110111110101000100000001001110100101110100111101001001101110101101010101110010110110011000011111010100000001000011010110000111000011011011111110110111011001101100001110101000111100001001111011010111101001010101
0111101010000000111010010010111101111010011011000101000001001011101000010111000010111011101001011110111110110100111011011111010001000111101011010110011110010010110000100000101010000111100100001000010100110011011001101011011101101111100100111010110011011101
1010111111001111001111000011100000011100110001100001100001111001001101110011111111111111001001101011010010101100011000101001100101000111100010001001011100110100011100010010010110001011001011000110111000000001001101101001111000001001000000000111001000101001
0011011111111111110110100001000000011101010110001110110110000001000010111100110000111100000001111111100111110010001101101001100011111001110111110000100000110010111111000010101100110110001000001110010111101001010011010110000111000011000100111110101111111010
1100111111101011101001100111101010011001111110010111011000111110101000111001000101000110101011101011000011111101000111111111001110011010101110000010101110011100001111101011001100100010011100100111000111011100110011000110111000101110101010011011111100001101
1110110010000111100111000001101110101000011000111000110110110000010011010110011110101000011111111110000011010001000100101110001101001010110010110100101010011011111010000001101111011110100001110111111100110001100110110110011000111111100101011101100111100000
0001111011110100011111000101111111100001110001010101011000101110000100001101000011110010010100100111101011011010101100011001000111011110011100110011010010100110111000100010101100001001101110101011101100110010110001111000001100010100110101110010111010000110
1001100100001011000111111111100000000010010111010001010111100100100101001010000000100001111101010000001110110111001001100010111100000111100001100000010010101001001110001101011001100101111101001010001111011101011001101111011011001110101011100001101010111111
0011101000000100101100110110001000100001011001101010101110111011001100011111001110101110110011000110111001001110010100111100100111110110010110011001010110000010001010110111110010101010010101100001011010101110100100111001111110111000011110100011010110101000
0110110111001100101111101000000111101110110010000101011110110100110010001000011101010001000011000101101000111001100101001010111001110100111011100010111010011110101111100101001000111011010111101111001110000000011010111110000111000011011010001101110001100111
1011000000010011110001000100100001100100101101110111011110100100110100100010101000101010010000011000010001010110100110111001001011011001100100110001001101001100100000100110110010110000101101110110100010011010101111001111010001101101100011001110011000111010
1001000100011010011000010000010100000010010101000101110110111101111111000010110001110111100000011111011110100000110101011001001010101010000001110101000100110010000101101110001110010001110111111101011010010101100011100110011100011110010000001000110001000111
1101011001100101101111110111000010101001011000100010101111011011001111011011001000010001111010101010001100000000011111000100000101101011001000001110000110110101011011111111111001011000010100000101001110000000101001000010111111011110010010000000111010000111
1000111111100010011100100000101000111010101100001100110110010110100101101010010000010011010100100111001010010010110111000110100101000101000010001011111100010010011011110111111100011110111110010111000001110000000011000101001010111101010001101101001001101000
1100001011010100001010010011010100100001001001001110011010101111111111110000100001101000110010001100110110100100110000010111111011000011001110101001010000111110010101001011011110111101110101110000101100001100110000101110001101101010110000101100100011001110
0000110000001100010110001001011001010010110011010111111110011101000011001000101110011001000110111110110010010100011111011100111010001000001110111010111001001100110010000011001100111010110000011011011010010100111010011011100001110010011000011101100011101100
0011001100100000101101110110000101001111110010000110010001001011110101000001000011110110001000100110110100100111000110110010110101111011001110010101101100111000101000100111101011101010101000000000000110000101101000010001001001011000001001111010001101000100
0010010101101110100000101101000001011101011100000001011000100101110000101000000000111111101101010010001001001001000111000110001100110010110010010001001011011101100101100101100010110111011101011100010100011110111000101011010100111101000110111011001110011000
0011110110010101110111001011001000111110011011000000000110010100111010110011011001000111100110110011100111011111101110000010101100011000101000110001101100110001100001001101100000110111100011101100000010100001000111000001111111111110110011111100100111000111
0011101111100001101010101101001000100010000000011100110010010101111100100000001101111100001011101011011011010010101001001000100000111010001000011101101001101100101000000000000100010111101001011100000001111101110100010100100000000101010100111110111011000000
0101000000100000010101111011001111011011000010011001001100000111010111110101100010110000101110110101111101011010011111101000111100011100001001010001110100111101101001000000111111001011010100110010101101010101100011110110101101011111010100010011001010100000
1010101111001110111110010110110110100100000011010100001010110101110000010010111001000111100110110110111110101000000011111001010001110011101010010110001001111111001010100001010101100000111001001100110101100110100101100101001110001001110101110000100111011001
0011111001010100111011000010011000010110011010101010110011000100101111010101110011000001101010010000101101110101000010101100111110100110000110010011110000011000000010110100111111100100111111111010000010001001111100111000101100101100011111000010001100110000
0001100111100100110111011111111011110101010010000001001100111011010000110111001001100000011011110110111101001001100100111110000011000001101000100110111000100101000100010111111100001101011001010000000011110001101001001101100100100110101111000100100000111001
0101111010101001111011010001000000111011001000101100010010111011010011101000010100011010011111010011101111111111110110111110011001111100010101100111100011011011110001100101011000100100111011100100010100001100110110101100010001010001101010001010110000101100
0011010111001001111000000100100101010001001111000001001000010001110110011110010110010100101010101100100001000010011111100101111001000000110010001110101111001101111110111110110101110001000100011001010101100010100110111101100100001011111110101100011101011000
0001000110000001101110011011011001101000000001001111000101011111111011110110010010110100111001110001010001011110101111100101010000101100001110100011010000100000010000000100110100001001101101100100100110100010000100010100011001010011100101101110111000001100
1011100010110001111011011100000110000101111111100001111001101100100010111000110001110000110100101000011000011111011011010000110010000000001111110011110100110011011011010011101100010100111110101001010011101011110100100011001110011110000011100011001000001110
1010100100111110101100000001101100110001000010000111111110110000111111001100100110001011000010001111001011001110100001100101101110010111001111101101001011111000101111111000110000100010101011001010101011000010000111100011111010001100000001010001011010100001
0001101110111101100110100000000100010001011101100111110010001011011111011111101111010011111000100011001110000011100101011011011011011100111110000111010110001000100010001110000011111010010111101101011101001010001100100011110000101100000101100010111110001000
1000100101010110111000110010010110001011110000001101100001000000000100101100100000110110011111101111101101110100111011010100010111100010001011011110011110111110001000001000101000000011000111001100110011101011110111010011011100111000110011001010110101100010
0111111000001000001011110010110101111011011000000101001000011011000101011011011010110000100011011001000101001100101101010001100000100011111010000000100100010010001100000101111111001001000011010100000001110011011111110111110111111011101100001100111100011000
1011000101011010110001111101011111011100001000010100011010111000111101101001010000100001010100111001110010101001010000100100011100111101111111001001101111111011000010100011101000110101011100000101111111111011011001001101101110011101010101100010111001111101
1000101001101001010001000011110010011011101011011011100101011110111010111010011111001011000111100110101010010001100011111100011000000101010010101100111001100001011001000001101011000110000001100000001011001101101110010010110111011100000010100001100100001010
1101001100110001000101101100100110000110100000100100010101111000000101111111100100101001110011001111001000111111101001111010100011010110111000101101001100010011011000001100000110010110011011010111111111111100100001000001101110010101110000110110000001111001
1101000110010100001001000110011101011000001011011111111110110000101000000100101001010101000000000000010000011001100110110111001001100101010110000010001101001101011111010001101101101111011100011100001101011011100011011101100110100111010011100111111001100011
0011100000010100111000000100111001111111111111100100100111110110000111101000110100100111010101101110101001010001011010111001101111101000101000101000000000110100000101101100110011111111110001001011111101110111001110011111011111010000111000111000111000001111
0100100111110001111001001001010000100111100101010110000000101111101110000011110110110110101010000111010001111010001001011101101111110100010111111111001111011000110100011001100010010101010111100111110110000011010001000011101000110101100011110000100101001101
1111011101110100100000111110010101100010111100110111100011010000110011000010001010100101010011010010010010110000110111110101000111111110100010001010100100100111100000010011011001011011000111000100111111100000100111011000011001010100010100110101011111010110
0111101111011011111000101110010100010111011110011110100101100111110101101010001110111101111101000111001101001100011111000111001110011111010100001110110110010101000101000001001011000101101101000010010000100100010000011101001000001111100010011001100010110001
0011101111101101100001011100101110101010100010110010101010010101010111100111000000110001000101000010000011110000010010100010110101101001110110011011011010101111111011101000000001100001011111100001001101101101111110111010100101001011111100011011000101001010
1000001111011110101100001001101001101010100011101011011000110010100111101110000101011011000001010001101110100011100001101101100101011100000000110100010110000110011100100010001001001000000011010100101100100100001101101101000011111001001011111011101001101010
1010001000011100111000101000010110110010001111111011001111111010000011011111000111010111100001000001000111000011000011100100111111010011011001101100111101110000001010110110000110101011011011010011010001001010001110111011100100001011111000100001010010100100
1000111010110011010001011101101001111000111110010110000110000110000100111010111100100110110101011000001100110000001110110100101000000010000000110000011001110000001000111111100000011110001011110000011101111110011100111110001001110000110111111001000110110101
0101101101011100101100110010111001110000001111101000011010111011001001000111000110111100111110010111111101001000010100001110010011101111010100001000000111110101111000100100100100100110001001011111000000010000110101101111010101100100101110101110010101100101
1111001100010110010000100000001111011101101010011011011010110000101010010110111111010001011011010011010001000011111111010101100100001110010111000110001011000010001010011001111101111110011000100001001101010011100011001101011010010111010111000001111000101111
1101010011100110110101111111000110010101011010100110011001101111110100000011001011110010100111010001111110010101011010011000101000111000101101100010011101011111101011000010100001011101000100010101101101101100101011110100101001110100010100110011000000011111
1101001010110111100111111100101011111010000111011000101110100101010001001011110100110100100111010010101000100110001010000111010010100010000001000001010001101100111110000000010011110110100010010101101010011110001000010011010011001100111000001101100101100111
0100000010010111010010111000011001000101111100100101001101100110010001010110100111111011100111100101000011011101010111000011101000100110111001101010101100101001011100110000111010110001011101000010000000101001010110000110000000000011001001101110110100100000
0100111010010101011110110000000010110011111101000111101111111101010011100010110011100001110110011011101111100101000000101010011010101010100011111101111110101100110011011110000100011001001011000111010001000010001000100001111100000100011010000000011011100010
1111011100101001000011000101111000110100110010010011111101000001000010101111010010001110100100000011000011110101101110100100101010110111001001111000111101001100110111010100011100011100000110001010100110101111110001001001001001011010000010101010110000100100
0101111010010111101000100001111101010010011010101111101101000010100001001100110001111010010011111111011101111001111100101101010001110100001101111001011101011011100111101111000101000101100011101001111000111101010100010011110010101000111001110101100000111110
1101101010011000101101101010010100010101101101100010101100101001001101011100110111111001110010000110010110100111000110100101101110010011001000000001111100010000001000111011011101010000001000010011010111001011110010010001000001110100110011100100111111010010
0110000110101000110001011001111101111000000000001001100010100110001100110110110111001110100111010100111100001010111100100010111110001100000101000111101100100111111011011000100011101000010001111100001011000001110010001000001111110011111110101111111001001010
1001010110100011100011011110101001000001010011001000000111100010111011100101001111011001111100011111011001110001100000101111111100001100011011100110100110011100000111110000010011000111100010010111001011010111010001011001100111110001100111100101000010101110
1001000100101001100111101000011101001001011111000111011111010100001101000011101110011101000111111000110110000101000100001110010110111000011001101101100011110110101101100001111101000001011000000111101110001010100100100010010011100111101001011011100101100001
1011110010011100111011110111100000011010011101101100000111001001000111111011001110100111111011000011010111010001001010101011111110011101010011011110001100011110010100011110011110110000010101000001000011011000001101110101001101010011111011001110101101000010
1111101100111011101010011011010001100010001001101000001111110110010011000000110011111000110101010010000000011110001111001001100000000000011100101010110010010011011010011101011110100111010011100101110000101010001000001000000011000000111010111001001101101010
1101101010101000001000101011001110000010000100100000011010100011001100100100010000101001011000100010101101000000111011111011101111001111011000111011110010100101001111110010001001100101100010110101010001100000110111101100101111011011101110001000111001011100
1010011110100110110101101010111010011101011000001111001100001100111100001110010101111000100010111000000011011011100001011001110010000101001100110110000000111100100110000110101101001001011101111001011100101111011110011100001000101011011101000010011110110110
1000001111010110100110000000110000000111000011101111111111101101001001001010000111010000100011111101000101101100001000000101001111111101010100100101111101001110001111110100100111000110110011110011001011101110000011001010001000100011001111001000011110110010
1111101100111110101110000100010101001111001110010101110100101110100011010111110001110100111100110100001010001001100110011100111001001110011111111101000110111111011000001101110000101100111000111110110110001000000110010110011100110001001001011001100101100110
1101100111111100011111011111010000110001101011110000001101000000001101011101110111111101010010000110010010101110010000101101001010111110100000001001101011111000011001011111110000110010111011000100001010100100011010001001101001001001001010011101001100000100
0010011110110000101110110111111100100011110111101000110101011011001011000011111111100101100001110011111100011001101011100100111101010110110110010110100111100110010001100110111000010001100011011011101010011110111110010011010101010011010001010100111110011001
