64 24 6
1000010100011100011010001101111001000100101110111010000111110010
1011111010100011000000001110100001110001011100001011111000011111
0011010000100011001110011000111010111110110011111010111011010111
0001101110101011101011010001110111101010000011100001100000111110
0011001111101001000001001111001100011000110010110010110001110100
1010010000010010000100100110010100001000111110011001111101100100
1011011100111100101000101010010111011111001111100010000011010001
0111000001111011001111101111111100010110011110001110100011100001
0000110001100001111011000000001111101001101101010101001000110001
0101100100001100001101111001101111011000000010000111000110100011
1100100011001000111001111011000111001000101101101001110001101100
0000010011101000001111110001101001000000010110110001111111011111
0111101111011101110001100111000110000101000101010000010011011000
0010110110011011110100110111010001110111111100011001111110011011
1011101110010001100001111101010101111001000011101101110000100000
1111100100111011110001111011011001111101111110010010101111010011
1000111100001011001011100110111010011001001100001000110111100110
1110111011111010000110000110000111110111000100000011110111111010
1010101110110100111011100111100011000001010000010101111100111100
0000001010010010011100011100000110111100100111010100001100100111
1110011111000010010000100000100011110001100111111111101101011010
1011010100010101110011010000010100001001100100011010111111111001
0011111001100111100001111110111100010110100111001001011100111001
0100010110001101100101001101100011000110100111001001000100010110
0000110011100111011011111011101101111000111110011110000101111000
0011011110000011000000011100110110011000000101001010011101010011
0100100001110110000011010011000111111110001110111100000001101010
1010000001100011111111010101110001100100100100001111110110100110
0000101001111111100000111011101001001100101010100100001101001100
0001001100100101011011110111011001000110000011100101000010101101
0010001011000000111110100001111010011110100101010101111110111010
0101111010111101100011011100111101110010011100010000001111000110
0000110100110100000001110110011011100101110100001001001010101001
1111110000011010001000111010001111000111110011011001011110010100
0001110100111011010001010000100001100111100001100010111111001000
1100011111001101110101011000100000001101101011111101101011001101
1101000101110101001110101000100010100110011100000101111011100111
1011011000100001100100111001111010111001111110010100110000011100
1101000110010100001111111110010000100110101111011100010111110110
0010000101110101000000111001101100001001011001000000011111001100
0001000011111111111100011001101101000111001110000110110110000100
0000110011101001110100010000100100000001110010010000000000010000
0000000100010000001001001011001000110100100100001101000101001110
1010110000101110011001101110100001011111101000000010100001111111
1000111000101101111101101010000100110000010100000110100011011000
1111111101111111101001010000100011101001110001011110111100110110
1000001110101111111000100111001101100111111001110010111100001101
1101010100011101001110011110011111011111110001101010101010010111
1100011100111010110011001011100001000001010101110111011111101111
0101100110011100011001010101011101001010000110100100000010101011
1110111111001001110110110011100010101010110011000011000011101100
1100110011100110101110101001101100111000111100110001011011100010
0110110001101010011101110000010100111110100000011000111111011001
0110100010010100100011101100001000011010111100110110110000001111
0101011100010001101011010001010000101011000101011100001011110111
1010010010111100000110101110001000001000101010100111101110100000
0000110010000100110001110010011101110111110110000000101101010100
0111000000111111111110001010110000100100001110010101101110101101
1100100100000010110011100011011111101010010011100101000001000101
0111101111000100010010111101001010111100001111110101111001001100
1110001100001110111000101100001100000111111010000000011001000100
0000101010001101111100110010110110000100010101010100001001010010
0101011001100110111110111110100110011101111110000111101110100111
1001100000010010100001111011100100001001000101111101010101011000
