72 12 1
110100110110101101100111101001010000001010100001011010001101000001101010
101101000111010100011011100011101011100111110100101011001010100000110101
011001100001101100110010011000111010000010101011111110011110101110111110
100000011110111100100011000111101010011100111000010011001010010111110100
110110110111011101100111110100011000011000000110000001110100100000010110
011010011001110010001011110110111010110010101100111010001010011010001000
011001000100100110111110101101111011011010000111111000010101100001100111
110101110010000110000001101110100110000101111101001000110101111100011001
110110010110111100011110011111000111110010001001000101100011110001101000
000100001001011000011010110010010101101001101011010010001010011001101101
000101010111111010010110010101001001100111000001000010111101011111110101
110110111100110000111101010010001010000100011001010001110111111111101111
111011000001110001111100000110111011111101010010011100100011000100011111
011000001011001001101000001100100010010011111110010110111101111110100101
011000001000111000101011111101010111011111001101111101010100001000101111
011110101011110100001111001110000011001111100101001110011110110110010011
100110010001001110011001010111001011000001001101100000111000100110010000
100110000001000000010101101111101110010010100100100010101010100000001001
101111011011001111101011011100010101000001110001101100000010001011100000
111110010000000001001101101101110111110110101101010000110000100111000110
100010011010001100110101011100110101100100100011010001110000011001111001
010001100011100110111001010111110100011110000011001111010000111001011100
101000101010111011011111110010000100000101100000101010001000111101001010
000000000101100110101010010100100101111101100111101110110100100010111000
110101001110001010010011000001010011111010110011010011011011111010101010
001000111010110101011110101100100100101101110100110001000110101111011101
011111100101101100110010011101110001111011100010001010011100011111010011
101100101100111101111000101100100010110001010100011111000100010010101101
000011100010010010011111101000100110000101101100011100011011001010000011
001110111011010111011000000111011101110011111110010110000011010100001100
000111000010010001000010100011111110010010011011111101011010101010111100
101111000000101001001101010110001110000100110111011101001100100010000110
101010111011110000000101111100111010000101000001011001010100010111110100
000111010100001111110101100110100011111101101010110100010000000001010100
010110101111011011011011110100101010010101000111110000011010100000101111
100111100110110111101110100010000001110101000011100011011110111111000000
100101111111000111101010111101011011000111011000010101111011110011111110
111001101111100011100110101000110010000101011010001010000010001001001011
110101101001011110110101001111100110110011100111100010111010100010001110
000011110111001100100101100011111111100101001111101111110111001100011001
101000010111100110010100011111010110111110000111110111010101100110101010
110101111110011001011000010001010101010111110001100001010010111000111100
100100000100011010110010001010000000000011110001110111101101101111110001
111111000111011001110001010010101011101111110010001011110110000110000001
110110110011100101100011001001110100111011101011111111011011100010011110
000001100111000101011011010111111110010101001111011010110101010100101111
101010011110101111010110100000110011010100100010101110101101110111011101
111111101110100010111100111001110101001110100111100001010110001011111000
011000110010111100101000110110110010010111101111100000110101101100011000
110001001001011001001110111111110011111111001101101011010100011110010101
001100110010101011000110111101101001010110110011111100111011100100011100
111110001011011010110100101011100011101001000101100110111110001110000000
101111001111110001100011001101110001000111010010001000110000111101100111
000100100001110110011101111101011101110100010001000001110101000110001001
100111011111010000101110111101011100000111110100010111101011100110110100
111111011000010100010001000010000001100000001111111111011001001001101100
110100011101100000101111001000011001010000110100010101010010011110001001
011001000011000001000111111011010111011011111111011010001110111100001000
100011101000000101110000010111101100110011011001010011110101011111000001
100100001110001011100011111101011000010101101001111110100010011110111001
111111000111101110111100101001110001101110011100101011001101011011100011
010101111010010100101000110111110110001110111101111011010001110111110011
000100010101000011100001111100000000100100000111000000001111100100010000
011000000001001110100101100101000100100100001100011001111001101111100100
101001100000101001110001110100010100010011001101010010001001000010111110
010100001010011111011110101100101001001010011110011101101011000100010011
011010011010100011011010011010001100100001011000100101100000000110000011
110000110100010011011011011110000000111100001011110101000111011000011100
100111001011011011010110111100100111110011111000101010011001011000011011
100010000100111011010110010111010111101010011110011010010001010000110011
010100101000111110011111100110011110100011100011011100011100111000011110
000011110011110001010100001110111110011010100000100100100010001111110111
