40 24 6
0001110001010000011110000011110110011011
1111110001100100111001100111001110111111
0010010101011111100101011100010101101011
1100111010111111111111011010001100011111
1001110011001010000001001011100100000001
1010100100000011000110011011000001011111
1111101111000111110010011010101110001110
1101010000010011001000110111101011101101
1011000001001111101000010111010111011001
1010001100101101010010100101101000001111
0001100110100010110011011000010000110111
1001110000111100001001001111000110001001
0101110111110111010010101100010000011001
1101000010000111110100110100111001111110
1010101011101110010001010000110111111011
0111001011000111111001101010101110010000
1000111000101000111000111111111111110010
0011110011011100010001101011000011100101
0000110100110011000000011010111010001001
1101010010101110110100100101100001100100
0101111000110010111101100101001001110111
1101111100001100001110111101010100001110
1100010111001110010010111110000111000011
0101010110100111010110011011101111010001
0011110100011100110011100000000101010010
1100000000011001000000111100010110111111
0001001001011000100101011100101100000101
0001000000101011101001101001100000110111
0011010010011010011110110101010001000001
0101111101011011110110010010000110000010
1100111000010000001001111011000110111011
0111111110011101110110010101011010101101
1001110100001111011000110001100101010000
0101011000110000001000101101101110111000
0110110101101010111011011100100111101101
0110000110011000100011100011110100100000
0011011111100011000111011001001000101011
1010001001110111111110111010001001001100
0111000011100111101001000001101111001101
0110011011000000011111010111010000111010
