128 9 1
10110010100111010110000010001010111110000010001010111110011100111000000010010011000101000110101100100001010010110110010001111001
00110000110011110000100101110110101100111110011011010100011010101001011110111101000010000001011101101000011001110111101100001001
11001001101010111011000001101110011111011011000001110110000110011101010011111111100100100000001110011010101001011001010110110011
01010011010000110111110011011100001001010010011000111100001011010100001001000000000010000001100110000100010011111110100100010010
11010001101010001110111101100001100110001010011000001011100100011110110011100001001100101111101010001111001101001110100011011110
10101011000010011111011101000001010111010111110111010101111111111100000011011000001011100001010100101110111011011101011101000110
10100011101001010000101110101000111110000110010010000000010100110001000111110111011011011001100100010001110111010010101000110100
11111101100011101000011110010101011111000101011111101010110100001100100110011001101000111100110000111100010110000111100111100100
01011011110001100010001110111111110000111101010111111000011101110110100100001010001101000100010101100110110000000111011011110101
00101001111110111100000111100111101100011110101110100111101100010000000101111001011010001111000001101111001101011110010111011011
10111001011111001101100010110000101001011100000110000001010101111011110000010000010011000010101001010001100110111001101100000100
00111100001101001010001101101101010110110001101010010000110010011000111111010111100101110101100100111111010011101001111111101111
01110000101000110111001110001111001001100000011100010101101101001110100100100010101110110000101100110100110110000101110010011101
11010011101001100110000100010001101100110000110100100110000000101011101101010010000001101100110001010100000011011001111101111101
00001011111001111110001000011000000101010110010101111111110110110101100110011001100010001011100101011101100001111000000100010110
01110001011101011011010111000100101100101011100001110000100100110000011100010001110010000010001110111011111101010010010110100111
10101000111100100001010111110011100000011111101000101100011100010010010101001001010100101011100101010001111011110100110110000100
00110001111000100101000101000010001001110010000010011011110111011110101101001011110011110101000001011101000011100101110111111111
11001101101010010001010101011010110000000101010011110100111010000010110101100101011011000001000001110110001011001100010110010000
11010101111001010111010110011000100010101001011000100111011101111110100010011111111100100010111001001000001011110100111110101100
00010001111000101011100100101001000100010100111110010000010110000111110100010101100110110011011100001011111101010101100101101011
11100101010100001111100111100101011001110101001111001110011001100111000100000110000110011101011000111101101010000011011101000011
00010001011101100100010100100011110111010010101111000010000110001011110011010101001000011100100001100000101101100010111001011000
11011011000001100001101011111110111011111001111110000101000111100111001101100011001010000011010001001110000011111001001000001011
11100100100001011000010000110011100110111111010111110000010111001011100011111100000100101110000001111110001101001011010101111110
00111111101111011101000101010110111000110011110001111101001010001101111100111101010010110001101001011111100010100001010100011011
11000111101101101111000001111100011100000011101011111001111001010101001000110111010110000100101101000100100111010101101101010100
11010010011110011010100100001000101001010101111010100110110000110011110010101011001111100000010101011010010011101010100001010000
00010110010011000111111000110110111110110011111100100000011101110101111110010000010000101011110000110011110111100000011000111011
01101000101111101101111101011011100000110000110010000110011110100110100100100101001000001101011000110101101111010110110110011111
00001111100001000100101011100000101010101011111101111010101011001101001100011100001101001100000101001011010000000111011001001101
00110001101101110101011101110110001011101000111001110000111010011010110110110010101101111010101000011001110111101111000110100000
10100011110100111101111010011010000100001110101010111010101000010001001010000100101000010111110000100000000001011101001000110110
10000100101111101101111111110010100110000100010100011011100100110111111001000000100001111011001000111011011001110110010111011111
10100010011000101011110000110011000101100001011100011001111100000010011011101111100100010100110110011100010100000110110110101001
00011011001001000100101011001011000101101011111010000101000111011010000101111010010110010011011100100010101011010001011110011111
10110110110001001000111111001100010001000100001111100011001111111101101110010111000011111001010110001010010001001000111101001010
11001101100110010011010000011110010010101110111101100100000111111110110001101011101101001010101011000010000100000110010111111010
10110000001001010010101110011110100000000011110011011001000111010010011010111111110010100111110111111000011010100101101111000110
01111100110001000011010000001000101011001001101110011011100000010010100001101010100001011001000100100100000000010000000100100111
10110100100001101111111110011101010010001101000111110001000101000101100010010010101101000010100010100110011010000110110110110111
10110010110011000101010011110001011000011101001001000001010010000100111101000100000111010110110100101111011000000111000010001000
11000101011010001011001100110111110100001001011110010100110011101111100100001110111001001000010111001011111000101000000110111100
00101010010011010010111010101111101001000111010001010111100011001111010001010010001010010011110011110101000101101111110011101100
01111101100010011100000110101100101011111010011111111011001100110011100001101010011110011001000001101000110000001010001101001000
11011011011010000100110110101100101010110111110100100111011100110101110101110101101110011000001011001001011001111011110011011000
10000000111100101010110101011010001101100010100001001011111000100011111110101001101010000110100000111000011111110011111100100100
11101111101010110101000101111110011100010101111001111000111000101010011011101001000100111001111010010011101010010000101001010101
00000110000100001000000110000010100111111000000111111000010010000001111111100111010111010001000010001111001000101000100100010011
01000111001001001000001101010100100101001000100010011101000001111101111011000001100011111001110001010101101111001000111111000111
01000011100010001000111110111001111010100001001101000111101011100000000001101000100011111010011011001101000100100101010000001100
11000100101101100111101101111110000010000010110100010100111010010001101101010010010010000101000000011111011010101100110100000111
11000101011010001011110001000111000110001100000101001101001001101110110010010101011101001001110011001110111001110000110010000001
10101001011010110001101011011001011000101000000000110011010110010010000100000000011000001010100101100110111011011001001000010000
01000000110110000011001101010110000100110101111010100010111101111101010001110011001000000010111001100100010011010110000000011011
10001000000100100000010010100010010000001011101111110101111001000000000110000111101111100000101001010101111100110011101100000101
00001010100001101010011111110101101111101100000100111100011100010101000010000011010100101111110111111110110000101101111001110111
00111000000001010001001010010110100000000101010111011000001010100101101110001110010110100001111101011011011100101111101111001111
00100010101000010001011111101111101100100000000000010101001110101011101101000010011000100001111010100100000001100010001011100001
01000001011000011111000111110110011111010111010111010001011000001110111110011000001011110010011110100011000000000001100001011100
00000111111011011111111111001101101110011110111000110011011101011110111010000100000001100011110001011010010010110111001001110011
11001000100011110000001010110000010111101010100010010101011001000111010111001000010100001111111101100101001100001011000111100001
11110100101101011101101110100110001000010010111101000111101000001111110111110001001000110110111010101001110000100000010001101000
00010001001000010010111010000000001010010111010011101000000010010101100011110101010110111110111001101001110000101100011110101000
00010001111111110110111010011111110111000011100100011110011100011000110111100110111010111000101000101110100101111000011111101111
10101100101110100100010101010111101011111001111100001000101010101100011000111000000000000101011100111111100001011110110000101110
11100001001010111010110010001000110110011100111000111110101001011100100010111011101000110000101011111111100011000100111011010011
10011000001111110011111100000101000100010100001001110100101101001110111001001101001011100010110001001101100010000101011010000010
01011000000010011010000111011111000101111010010011011010111101001101010111000000101000101011110000001001001001011011001010100110
11111101110100010101001100100011100110001011110101001111010011111000000011100010101010111111010110110111011011101000010011110111
10110010101010000010010101010101011000010100100111010001000000000100101101110011110010110100100110101111010011100100111001001110
11000010101010000101011110101010111110000100110100101010001110001101101010001001011111001110111001101100100000101011111100110000
11000001011010011000111011111101101110111000101001000000111011100111100010001001101001011100110101010011101001111110011111101111
11111000010000011111111000010111000100011011010110101001001010110100101011110011001101001110101100010101011110010000110101100110
11111111100001001000101001000101110011101001101011000000100100011010000101111010001001010000001100000001110110110010011011011111
11011001110011010110100010001110011110001010011000010001001110110001010111110010010010110001110100001001110100001011000011100110
11110101001001101011011100111010001011100000110011101011010110010110110110110011111011000011011110101111100101100000100111111000
01000110111000011010110001111011111000001100001100111111011110100000100000000111100000001100110111001011111110001111111001010010
11011100100000011100000010001100001100010010010010010100100010110000001000110111110000000001010001101010101110001000100100100110
00000101110010101100001010110010010010001010101011010101010011010111110101111010010000101100011000010000101000001001010100101011
11111110100000011101001110101000111000000000101011100011101011000111111101111011101110000001100011100010101000111010010110010011
10100001001001111010011111010101111110010010110011011110110110000001001000011001000101111100000000101001111011111001100010011111
11001000111100010110110001010101000010001111000011001101000000101100110000100011111001100100000111110110111110001110100101101110
00101111000101110011100111101001000111011101010000010001011111011000111001101001000010111000101111100110000101001000011111110001
01100011110101001000001111011001000001110011111011011011110001001001101100011110100001110010110011101001000101011011110110001001
11100110010010100001100000001010001000000001011011110010000101000100110110001000101101001001000010001001001101101111010100000001
10100110001000011011110111111100111110111011100001010011100100110011100011101101101110100110010011101100010011101010001100101101
01100000110000010001010011011001111110011011000100001011110000011111110011101011010011100110110001100101101000001000111100011001
11111000000000000101011111001000011111111110000010010101010110111001110110110111110101100111101001101010001010100100011000011111
01111011001110011010100110001110011111001110111111101110010110111110010110001111001001000111111000001110111010111111001010001101
10101110001100111001010100111110000111001110101110011011001100100010110101100011010001100000010111111101011010100000110100100111
10001010110110110111001000100001101010001111100110000100011001111010001010101110110111010110001101001100110011100101000111111101
00011011011100100100101001110010011010111001101111110110011010011111100011101010001011010111010100010111001110111110010001101101
10101011110010101011111100011011001000111011001100011110111010110011110010110101100111100001101100011100111101001110000101011111
01110101011111100011010000010110001111011100110111011001101110110001010101110110111001111000010010111000111110100100011001000011
10100101101000001000110100001100110001111011110010010000101011010010100011001000011010100000101110100111111010011000011011000111
10100011111011001001110010010101111101010101101001011010011001010110010010100000001100111011110111011000010000001111100000111100
10000000100100111010010011111010010110110000000001010110011110110101100101001001110100101000111110000100000101010100100000010101
11110110101111010111111101101110000001011110111100110010000111101101111000111010101100100110010100111000011110100111101011010010
00000000111001100011111001001100100100111001110111100010010101111100111111010000010001100110011001000110111101101001111010011010
11001100011001011100010101111010010100111010101010111111001100000010101011001010001110100011011001111010101000000011001101010110
00101100111111111010101111000001001111001110000001011111011011101010010101111110011000100001101101100011110101110010100100010001
10110101000011110011010000000011011001000001001000110110110000101011011011111010101110110110100011110010001111101011100111111110
11111011111000011100101010111110010111100000000110101010001011010011000000101100111000100000111110110100111001110000011011010000
01110110000011001001110010110011110001010011011110101110100001100101000001001100111100110111101111001001000100111001000110000100
00011001100101010100111011110110111000110101100111100111000110101111100100011100011000110101111100011111110000101000011011100011
10001110111110000000010101111100100001010101100110110100011001010110001111010001100110101100001011001110111100010001011101110111
00111010011011111101001110011111100110111110001011111001100001010001000111111010011110000110010010100111011110111111111100011011
01110001110100011100101101001010101101001111110011001111101000010101111000111110010100110000101101010110101110101010001011000110
00111011010111111111101001000001010111010000001110100010010010111110111100100011001110110011011000011011001011111000101101000100
11011101101010000011000011110100001111001110111010100000111111111010011110001100100101110101001000001100101011101111010101001101
11010010000101111011110101010010111010011001010111011101001010001100001111010001000111011100101001000111010010010000111101100000
01000111011111110111010100100100000111010111101110001110100111001011010001011101111100110101001010111110111000101011000010001100
01110011010011000110111111100100010001000001111100001111001010111111011110011001001010110001010000101111100000101100110000101001
00111100100111100000100101011001001111100111101101100110110000000101011010101011011001010000101111110001111001100100000010100011
10011010000011010000001100100111110001000001001001101001011000101101111111011101010110011110100110001011100110001010001010010000
00000010011101110100110000100101011010011101101111100000001111010101100001011100010010100010111001110010111001000010000101110010
01101000010000100000001010111111001111110110100101101101100010110001110100110001111000100001000000001011010110001100100100000001
00111001100000000101101101110100010110011111101111101010101111010001010100110011001100110011111111110110100101001101110101110011
10101001000011100110001010000110100000101010101110110100100011000000001100010101100010000001101100010100101111011010111111100000
00101000011011101010100011011000010111100001110111101100000010011011101011100111011101011010010111011110001000101000101100101110
00101000110100110110101100110100110001010100110111100000110100111001100110000001111101011001011111101101001001111011010110011101
01101111101100110000101000111100100011111001010010100000010010000000111011011010101111011010010110101010111010101000101001000010
00010110000011001001011000110011110110110011101101011111100011101110111011101111010110100101111011000101001111110111100010100101
00100010000111000110110101100010000001100111001011010000010011100100111100000010111101000000010010000110011010001101001100101100
11010100111011101101110111010010101011000111100010101011110001011111101110100101101001110110110011101111101010100110001001110111
01100111101101100000100111010111001010010101011000010101000111000101100100000010011001111100100111001111100101100001110000110101
01100011011000011000101000101010100101011111000100100000010011001010101010010001101101010010010110100011111111001100001100101100
