32 9 9
01111000010100000111100101000000
11110110111111010111110100111110
11110111001011110001010010101110
00101000010101000110010110011111
11111110011000001101110010101111
00010110011011101110010100111001
10011011100001010111010010000011
10000001001011110000011111011110
11111100110000100010100010101011
00011110000101101010010110000110
10001101100110010111000100101110
11000010001001100010001001100001
11111010010001111010010101101110
00000101001110001101010001001101
10100110101011101111000110100101
01101000101010001100101100101101
11100001011111010010001000110111
00100110100010100000010011010101
11101100100100100101011101110100
11000000101100011001110011111110
01010011000100011000100001010111
11011101100110000000010000110001
10001000001111111011100101000011
01011010001111101000001110110111
01001001011000010011010011110001
11101101011110010001101000101010
10101110011111011100110100010111
00111011100001010001001001100010
10001100001011111111001010111000
10001001111001000110111010100101
11111000101011010101011010010111
00010100110000101110000100101001
