64 18 6
0100100100010100110110101101111101110110011010001010001011101011
1111001011001000010111101000001110110000100011010100010111111110
1010010000011100010000001110000000011011010001000010010000010111
1100110100111111100010000011100010101111110100000000100101001000
0101011001111110010110011110100010101000011100101110101011001000
0000000011001100100001110111000000001010110001011001010001001011
0101010100001000101111111100110000101101001101011100100010011011
0001000000101101101001001010100100100100100110001101101010100111
1011001101010001000110100001110001101011001001101110110010110110
0100111110101001001110100010110000010111001110010001001001100100
0010101111101111110111000100000000010011101010110101001111101001
0110100001010100011011110110111100110110110100101011100011000111
0100001111001101010100111101110101111000110101000000010110001110
0011111000111111110110000101011010100010001101110111111101000000
0100011000001110001101000011011111111011111000001011111100000111
1100111010110101110010010010011101111000011001001000001110111101
0111111101100101011010101110010001010100000111010001010101001011
1111011111010000000100001010000111010100101111010000010111001010
1001101010000010000010100101100000010101001001001000010011001011
0100000001000001001100111110101111000000111011100110101000011110
0100111000011011101010011000110101010100101001011110011110101100
0010110000001000011010100010110011001101101011011110000001010011
0011110001011000010010010100100101011011010110111110101111001001
1000111101001110010111101100100010100010010100001010000110101110
0000010001001000010000110101011011010100000100100110101111100001
0110011011110010100011101001111100101000011010001000110001010100
1100000011001000000111010000100000000001101001101110010010001001
0010011110011110001101111000001110111110111100101011110110111100
1011101011111100111100010111011011101011100110110100100111100000
1101110100011101001101100001001011101111110011111110000100000101
0111010001010011101101001001110000111011111110000000100110001100
1010001110010010010000111110000101101111110011001101110001111101
1010101011011110011101000110001101011111100011010100000010000010
1110101001010000110111111011001100110111010111100011100001100010
0110001010101101110011000100100111111110110000111111011101111000
1111011100100010001010111101101011100110110111111000011001111000
1101001111100001101110101010111011011110101101111010100010101000
1001011110011110001101111011001001100011101010110000100101011110
1001001100010110110010100111101000100000001010000101101110100000
0010010110100000100001000100111010011100100100010011111101000101
1010110010010000001110100100000101100100101100100101111101001010
1001101011111001100110011011001101111010100000100011010101001101
0100110110110110101101000101000110111100010001110000010000001010
1010011011010110010000001010100010011110010111110011011100111010
0111100110001011000000000111101110100100100000100010010001001111
0010110001001011000010010011010010011111000101001000101111010111
1100000000101000000101010100010110110100110010000011000011110101
1110110001101100011011000111010011000001111111110010110010111110
1101010101010101111111101011111000001001001001111000010111010011
0111010001001010000010011000011010110010110011001001000010011100
1111101101111010001101111111011101101011001100110101010001100011
1011100101010100001110111010001010100110111101111100111010011110
1001010101001110011100011010000110111101001111000111110001000011
0001100000111111010001000100101001101001011110011110000011101001
0011011010100110010010101000010011011110100111100101011110001000
1010100000010110100111011010010001011101101110000010101100111011
1111010011100110100101011101110101010011000001011100001001110100
1011101111110101011110111011110001010101010000111101110111001011
0100001011011101000010100111000010010111010101011011101110010011
0100011001010000111010101101111111111001100000011110101011000111
0011011011010011100011100110000011010111010011000011101110111110
0110011100101101110010100111011101110100110011000010000110001011
1001101000111111101010100101110001111101110000110111100100010000
1111010101101101011101001011011011110111001111111001101000010111
