32 16 1
00001111222233334444555566667777
00001111222233334444555566667777
00001111222233334444555566667777
00001111222233334444555566667777
00001111222233334444555566667777
00001111222233334444555566667777
00001111222233334444555566667777
00001111222233334444555566667777
00001111222233334444555566667777
00001111222233334444555566667777
00001111222233334444555566667777
00001111222233334444555566667777
00001111222233334444555566667777
00001111222233334444555566667777
00001111222233334444555566667777
00001111222233334444555566667777
00001111222233334444555566667777
00001111222233334444555566667777
00001111222233334444555566667777
00001111222233334444555566667777
00001111222233334444555566667777
00001111222233334444555566667777
00001111222233334444555566667777
00001111222233334444555566667777
00001111222233334444555566667777
00001111222233334444555566667777
00001111222233334444555566667777
00001111222233334444555566667777
00001111222233334444555566667777
00001111222233334444555566667777
00001111222233334444555566667777
00001111222233334444555566667777
