32 9 3
10011101000000011000010000101110
10101101101001110010110100011111
10110101101011111110000000111001
10011001001010101100100100000111
11001110100011000001110111110011
11110111111001110101010100100010
10101011111100000110000001001100
11011000110100001101101111000010
01111100000000001111110100111011
00011001000100111001110011100010
00110101100111101111011010010010
00100111011100101110000100000100
01100010001001000100100100110110
00011111011000001001000110011110
01110000111111110000001101001101
01011011100100000000000110100110
01111101110110110010011100001101
10101110010111011001111101110011
00011110111010000001111100100000
00111110011111011000110101101111
10011010101011101110111101110000
10100001101010110011110101000001
01110001001100000011110110110001
11011001001101111100011111001010
01011010001110011010111100110010
11000100111001110111010011111000
00101100100110011011111010100110
10001100111010000111001100000111
11000011100000001111101111010101
00111000101101011110000110011001
11000101110010100000001101011010
01000110010101100000010100011101
