32 35 5
00001100100100000001011011000100
10100101101011010000001111100101
01101010000100001101110011010110
00010001000011000111011100101011
01111100100011010100000001111001
11010010110001000011011000110000
11101000101011001110000010110011
10100110000110100000111010110101
10001101101000001110000101010000
00001010000011100000001011101000
00000100010101101101110001011010
01001001110101100111011010000101
10101010110101101111000100011000
11001100000001010101000000101100
11000011111100011001100111101000
10010101000100011010011101111110
10101010001001111011111000110111
10100100110100110010100101000101
01000011011010000100101110001011
11000110000000011010000100100111
01100101111011111011010110111011
00001011101110000110101000011101
10111100111111111110110110001011
11000001100010101000111111111100
00000111101000110110001010101111
11110101110111010111101010001100
11110111010100001010000101010011
10101011100101101101111001101100
11011000011000011101011000011001
10000000111101010100010101011001
10111000110100111110101111000111
11001010110011110011000111010101
