80 35 1
00101111010100011000100111001011010001100110110010011000010110001001011000101100
11101001110011001011100001010011110110001100010111111111010010111100000110011011
00011111011110000000101011000110111000100001000010001000100110101100110110101100
11001000110011100100111010001101001110101100110111100101110100001110100000010101
00101110011001011110011011110100110010111001000101100000011000101100110100000110
00011011101000000001000001010110101000101101101100100101000011111010110000110110
10111100000101010011111110011100110100101101100100011101110100101110000110001011
01100110011100110010001101011110100111100010100101101010111010000010110011001011
00110011010110101000100111101111101000101111001111101010110001011111110101000111
01111110010000111101000000101011100011010110111101000000010101011001100110111001
10110110111101001010111010100111101100110000100011001100101110111001000000100101
11100000011100010101101100100001111111111111110000110010100100010111001110011010
00100001110110111010001000110011011010001000110011011011000000101110111011000011
11001011000101110011101110110000010110110100001100001010000010011100110100110001
00110000001101000101000111011000011111101010000010011000001100111101011000000001
00111111010010101111101111111110001111010001011111101010000111111100000010111010
10010110110101010100100001010101100100011000111001011101001011001011011011010110
11000001011101110010000110000101101101000010100111011000110101011110110110010001
10001100011001010111001001101100000110111001101110110010101001001011000000110001
11111000110100110001011010101110101011100110000000101001111000011100110101001011
00101110000000011010110100010100110001001010011011000011010001100101111010001000
10011001110001000011110110110111101001010010111100111101110001101001001000110010
00101010110000000010101110110010000101100001001000111010001000000111001101001111
10100000010010001110101011000111100100100101001110110011111111101100110111111001
10010110001110011011110001100011010001000001000001111101111110011001000000110010
10101100111001010010010111011111101001111011010011000011110101010110101010110111
11111010111111011010000101000101011100011110111010000011101111101011010111001100
00000011010101111101011101110100101100001100011000111001101011011100010100100100
10100010000110010110011001000101101100101110001010010110010000110010100000000001
00001100000110010101001000000010011101110001000000001101100101001111010010111011
01111110110100111011110001111100011100011000011110010010011101100100101101100011
11010010101111110111100111110001010011001110001000010011000010111110010101110010
01100010110011110010101110010010110111100101010010000101101100101111011000011011
00101101010010011000110110011001010110011110101001011100111011011000011100110110
00111000111011101101010011100101100000010111001111000001001010100000001000100001
10111011001101101101110111010011001100000011101010111101100101010100111010101000
01101010011111011010100011000000000101101010111000111100100110110000111010000110
00111110011111001000111001001101110111110101001100111011011111001010111101001011
00011111000100010111000010000110010101001001000011101100110001000010111111011110
00001101011001110011000111100010110001100010001001101001111110100010101110110110
00110101000100000111100001100000110100100101101110000010000011100111101001111010
11110000000111100110100101111000110110110010100011011001111011110101100101110111
01001110001010111100111101100001001110001100110000001110000110011100100010101100
10010110011101010010100001100100001010011001100010000000010010010110111110010111
11111011100000110011000101010101000001111100011000100011100110000000110110111011
00100111110000000010011110000100110000111001000111110001001011001001001001101110
00100110110000111111101111000111001001110100010101001010110111010010101101100111
01111010000110010111010000011100011011011000100101100101100110111010100000111111
00111101100001111111111100111000011101011011100111001101010110111001110011111101
10101111011110001110011100010001001010101010100011010100011010100001011101111110
01101101011010010010101110001101111011110010011010011100111001111010101101100100
10101110000111001000000111110010000001001111001000000011010010010110001010110010
00100010101001000111101000010111101011001111111100000101100001110011101010101100
10000011111100001010011110011011011010001111000101100010111010101000001100100110
00011010100100110111000011010101100001001111100111010111010100001001111000110100
01100110001101111110000011110011111101101111001000000111001100011101000111110010
00001101010010010000000101101001001101100100001011010010100000110100010111111010
11010111110111000101010101011100100111001010000011110110011111001010110000100101
00001100101011011111001000000110111011001001100111011101001010000111111011111100
10101101011100001110001010100101111011011101101110100001111101010111110011101011
01101110001011111010010101101111001110010111100001001011111000100011010011101100
10000011111110100010000111110111111111000111101111111100011000010101000011000111
00011001111101001011010110111000001101011101101000100111100100100010011101011111
11110000001000000100011001010100011110110011011000101010011000011001010010111110
10001101001100010000110010101000110001111001000001010111101000011011100010110000
10111000010110001000001110110101110100100011000100000101111001110000001000000000
00101100010000100010001001011011001111010010011010110010111001101001000000111010
00100001101110001011001000110110100001111110110010110110111000010110011100111100
11110110000000101101000001101100100111110110001111111110110000010011000001000111
10100001101011110010110110110001111100010111011010001010101110001111111000101011
01100101100000011111001000101011101110010010001010100001011110110000011010000000
01011001011110010111001110110110011101100011001010111100101111100110000100000111
00011010001011000100011010111001000001010011111100101110101001001001010011100111
10101000011001111101011101110001111001100010101011000111010010101011100101111010
01001011110011110001001010101011011111000010001001100001110011110000110011011111
01101100000011110011101011010101001011001100010011001111110100010010110100111111
11101010111000100001100000101010001110100000010011011010000001001110001011011000
10110011011101111101111001011001010001100010011101010101000100000000100100101111
01010000000010011110110111000111100100010011000111001010111010100111110111101110
11001001111000001010111110100011011111011111101001010001010001100010001110010110
