32 14 14
01111111001000100100100100000101
01000110001000001001010010000110
01011111101110100011101000001111
11001010000101011100111011001100
10000101100000110101011000011010
11010100110111110110000001001100
11010011111100001111011001001100
00101110001100111001000010001101
10101111100000100010011101010010
00011111011010000000110110110011
00001111100000010110011110100011
01101010010001100100000001011100
01011111101111110010010000101100
00111100101011111011001001000001
01000101101010101011001110100111
01110101101000011101000101100011
00000001010100010100111101111101
10010011110110011110011001110111
11101010110010011111010001001110
00010111010000111010110100111101
10000010110111110011111100111111
11111001000101001110100111000111
10101111100111110111110001100001
11000111111100011101111100001000
10011101010100011000100100010011
01010001000000100000001001001111
11110100000001011111100000011010
10011011110110001101001001111001
00000011111001111101111110001011
00110101010011000011000100111111
10011100000110111001000111000111
00011111101100011101100001000000
